Clustering Analysis for Lattice (diag_style cluster) 
nglobal = 8000 
nprocs = 1 


--------------------------------------------------
Time = 1.000000 
ncluster = 465 
<N> = 17.2043 
<R> = 2.2401 
id ivalue dvalue size cx cy cz
 1 97 0 73 19.1507 2.52055 18.4384
 2 3 0 23 0.782609 0.26087 1.86957
 3 6 0 197 2.7868 14.2843 17.1574
 4 69 0 27 4 0.111111 1.33333
 5 55 0 28 5.07143 1.96429 19.1429
 6 26 0 53 7.71698 0.698113 2.43396
 7 39 0 30 9.33333 18.3667 18.7333
 8 78 0 16 9.875 1.375 19.1875
 9 10 0 43 12.6512 0.372093 19.907
 10 2 0 50 17.64 0.08 19.4
 11 10 0 11 2.54545 1.36364 18.1818
 12 73 0 8 6.75 0.5 18.875
 13 34 0 29 11.6897 2.55172 17.931
 14 53 0 29 13.3793 3.17241 0.137931
 15 9 0 70 5.12857 5.2 1.14286
 16 38 0 5 11.6 2.4 0.6
 17 26 0 76 14.6974 4.71053 2.94737
 18 95 0 24 18.5417 3.25 1.41667
 19 27 0 19 1.94737 4.05263 19.7895
 20 37 0 39 7.5641 7.35897 1.25641
 21 22 0 25 7.64 3.56 0.52
 22 77 0 19 9.94737 4.05263 18.8947
 23 94 0 85 1.36471 7.41176 1.2
 24 16 0 16 8.875 5.0625 1.5
 25 29 0 103 14.6699 7.43689 18.5437
 26 49 0 11 4.45455 6.27273 19.9091
 27 28 0 1 9 5 0
 28 74 0 36 11.8889 6.36111 16.9167
 29 30 0 38 2.34211 6.68421 2.31579
 30 41 0 46 3.15217 6.17391 16.8261
 31 82 0 89 10.8202 12.2135 18.4045
 32 20 0 35 10.7714 8.71429 1.42857
 33 3 0 26 12.2308 6.96154 0.846154
 34 64 0 14 16.3571 7.71429 0.785714
 35 60 0 1 18 6 0
 36 90 0 1 0 7 0
 37 28 0 34 5.52941 9.29412 0.588235
 38 94 0 11 12.8182 7 18.9091
 39 88 0 16 0.75 9.25 1.625
 40 25 0 52 8.48077 10.5769 0.0769231
 41 85 0 7 13.2857 10.8571 0
 42 87 0 8 17.25 8.375 18.375
 43 7 0 72 3.51389 12.5694 18.4583
 44 8 0 13 1 11.1538 1.30769
 45 98 0 1 2 11 0
 46 69 0 23 5.56522 12.5217 2.34783
 47 78 0 7 15.4286 12.1429 1
 48 36 0 23 14.8261 11.8696 18.9565
 49 26 0 8 17.625 12.375 0.625
 50 25 0 73 1.12329 11.2055 15.5342
 51 42 0 2 4 11.5 19.5
 52 58 0 17 4.88235 12.7647 0.941176
 53 36 0 1 9 12 0
 54 42 0 28 11.5714 12.5 17.8571
 55 55 0 10 0.8 13.9 19.6
 56 84 0 20 2.5 13.9 0.6
 57 81 0 19 8.42105 13.6316 19.3158
 58 68 0 24 10.5 13.0833 1.91667
 59 46 0 55 15.6 15.2545 16.4182
 60 8 0 12 16 13.5 18.9167
 61 2 0 38 1.10526 12.5 3.44737
 62 87 0 22 17 14.4091 1.27273
 63 42 0 19 18.9474 14.6842 1.78947
 64 100 0 191 17.4555 15.7958 19.9529
 65 29 0 12 2.08333 16.1667 19.9167
 66 42 0 19 5.21053 16.0526 19.7895
 67 18 0 14 8.64286 16.0714 0.857143
 68 93 0 2 10 14.5 0.5
 69 22 0 20 13.4 15.15 0.95
 70 36 0 24 4.04167 16.8333 1.5
 71 15 0 12 8.58333 16.25 18.1667
 72 50 0 24 15.9583 17.2917 19.7083
 73 24 0 18 6.88889 18.1667 19.8889
 74 2 0 10 10.6 17.7 19.8
 75 57 0 23 18.2609 16.913 1.69565
 76 46 0 5 19.4 19.8 19
 77 38 0 24 14.5417 19.375 17.75
 78 44 0 7 9 2.28571 2.42857
 79 81 0 12 16.25 1.25 2.41667
 80 17 0 11 2.72727 3.27273 2.36364
 81 68 0 3 12 2.66667 1.66667
 82 32 0 19 13.8947 9.15789 2.57895
 83 99 0 21 13.8571 11.7619 2.38095
 84 45 0 14 9.14286 13 3.14286
 85 43 0 2 15.5 14.5 1
 86 58 0 15 10.2667 16.8 1.73333
 87 10 0 34 7.70588 16.1176 2.85294
 88 68 0 3 7.66667 0 2
 89 23 0 2 11 19.5 1.5
 90 84 0 26 11.7692 18.1538 3
 91 20 0 8 16 19.125 2.875
 92 63 0 13 9.69231 1 3
 93 34 0 14 14.2143 0.5 2.78571
 94 14 0 36 4.08333 19.5556 4.22222
 95 21 0 6 6 2.83333 2.5
 96 47 0 19 19.8421 4 3
 97 36 0 27 10.5556 4.07407 3.37037
 98 94 0 2 15.5 3.5 2
 99 24 0 14 4 5.21429 3.07143
 100 18 0 37 17.5676 6.02703 4.13514
 101 68 0 32 17.4688 9.53125 4.59375
 102 99 0 11 2.90909 10.0909 3.45455
 103 14 0 7 7.57143 9.42857 3.42857
 104 90 0 13 16.9231 11.3077 2.46154
 105 77 0 4 3.5 12 2.25
 106 93 0 15 5.93333 14.6 3.86667
 107 90 0 16 2.875 15.625 3.125
 108 71 0 36 18.5833 11.9167 4.30556
 109 59 0 29 0.241379 16.069 3.75862
 110 72 0 25 5.84 18.4 3.56
 111 78 0 1 11 18 2
 112 42 0 75 14.3333 19.08 5.33333
 113 56 0 17 12.8235 2.23529 3.76471
 114 46 0 85 19.9294 0.2 7.01176
 115 7 0 7 19.8571 1.28571 3.71429
 116 39 0 3 5 2.33333 3.33333
 117 80 0 41 2.73171 2.29268 4.92683
 118 73 0 6 17.5 2.83333 3.83333
 119 19 0 14 7.5 3.28571 4.57143
 120 62 0 40 10.375 7.2 4.25
 121 48 0 33 6.75758 6.24242 5.39394
 122 55 0 16 11.1875 5.875 5.1875
 123 75 0 1 0 6 3
 124 1 0 37 13.9459 7.97297 4.83784
 125 43 0 2 1.5 6.5 3.5
 126 2 0 1 9 8 3
 127 83 0 14 0.0714286 9 4.21429
 128 52 0 19 3.10526 9.52632 4.57895
 129 65 0 9 10.2222 10.3333 4
 130 70 0 1 0 11 3
 131 96 0 9 11.5556 12 3.88889
 132 41 0 1 1 12 3
 133 6 0 18 0.666667 11.0556 6.16667
 134 42 0 12 7.33333 12.0833 4.16667
 135 32 0 18 15.7222 13.0556 4.33333
 136 18 0 4 3.5 14 3.75
 137 66 0 1 14 15 3
 138 87 0 41 9.21951 14.3415 5.63415
 139 16 0 1 13 16 3
 140 43 0 30 16.5667 16.3 4.93333
 141 75 0 8 8.75 18.5 3.625
 142 84 0 1 0 19 3
 143 81 0 19 6 17.4211 6
 144 41 0 13 9.46154 0.692308 4.92308
 145 68 0 8 11.125 18.375 4.625
 146 8 0 23 11.2609 1.65217 5.3913
 147 2 0 19 2 4.47368 4.73684
 148 87 0 1 14 3 4
 149 64 0 5 15 2 5
 150 40 0 10 3.5 6.3 5.3
 151 36 0 42 3.7381 9.42857 6.90476
 152 53 0 27 6.81481 8.74074 6.33333
 153 55 0 14 13 10.6429 5
 154 86 0 15 6.13333 12 5.33333
 155 97 0 12 4.25 12.4167 5.41667
 156 47 0 1 3 13 4
 157 53 0 24 1.625 16.0833 5.16667
 158 49 0 35 12.5143 14.4 5.65714
 159 30 0 1 14 15 4
 160 48 0 64 10.1875 17.1562 7.45312
 161 23 0 2 11.5 19.5 4.5
 162 64 0 1 13 19 4
 163 46 0 22 5.95455 0.863636 6.40909
 164 78 0 30 13.2 1.1 7.2
 165 91 0 24 7.45833 3.91667 7.25
 166 82 0 34 17.9706 3.38235 6.29412
 167 4 0 5 8.8 4 5.6
 168 16 0 87 12.7586 3.88506 8.11494
 169 71 0 18 9.66667 6.27778 6.61111
 170 29 0 69 0.101449 7.34783 7.18841
 171 65 0 4 17 7.75 5.5
 172 17 0 10 8.8 9.7 5.7
 173 43 0 1 16 9 5
 174 4 0 3 15.6667 10.6667 5
 175 78 0 5 10 12.2 6
 176 53 0 13 12.5385 11.5385 6.30769
 177 35 0 16 17.6875 13.4375 6.375
 178 38 0 28 1.96429 15.25 6.82143
 179 35 0 11 4.09091 16.0909 5.90909
 180 36 0 41 18.2683 16.8537 7.19512
 181 71 0 11 2.72727 18.7273 7.09091
 182 77 0 1 11 18 5
 183 78 0 1 18 18 5
 184 59 0 6 1.66667 1.66667 7
 185 37 0 10 5 0.8 7
 186 94 0 12 17.9167 0.666667 6.66667
 187 32 0 10 3.2 2.4 7.1
 188 22 0 1 7 2 6
 189 86 0 1 12 2 6
 190 60 0 21 2.2381 4.38095 7.19048
 191 89 0 1 19 4 6
 192 81 0 49 4.18367 5.83673 8.20408
 193 14 0 22 8.27273 7 10.4091
 194 86 0 33 14.6667 9.87879 7.30303
 195 60 0 19 16.0526 7.52632 7.36842
 196 28 0 12 8.16667 9.75 8.33333
 197 25 0 28 10.3571 10.6786 7.46429
 198 74 0 1 15 10 6
 199 99 0 18 18.8333 12.8333 8.16667
 200 66 0 42 6.52381 12.381 8.19048
 201 82 0 12 15.3333 13.4167 7.58333
 202 50 0 77 17.8442 18.6234 10.3766
 203 98 0 13 19.2308 14.4615 7.23077
 204 52 0 20 5.45 14.7 8.15
 205 61 0 2 7 14 6.5
 206 64 0 12 8.16667 14.6667 7.16667
 207 30 0 9 13.4444 14.2222 8
 208 3 0 5 14.4 15.4 6.4
 209 16 0 12 15.1667 16 7.41667
 210 11 0 46 6.95652 17.4565 8.13043
 211 25 0 19 2.78947 1 9.36842
 212 14 0 21 10.4286 0.0952381 8.33333
 213 53 0 19 14.5789 19.3158 8.05263
 214 65 0 7 16.1429 1.57143 7.42857
 215 82 0 30 6.13333 1.93333 9.06667
 216 52 0 28 8.75 2.17857 9.25
 217 15 0 3 4.66667 3.33333 7.66667
 218 20 0 1 7 3 7
 219 53 0 11 19.3636 2.72727 8.90909
 220 40 0 8 19.75 4.75 7.375
 221 45 0 1 2 7 7
 222 100 0 22 10.0909 6.13636 8.95455
 223 23 0 32 9.46875 9.34375 9.25
 224 83 0 30 12.4333 7.1 9.4
 225 9 0 1 2 9 7
 226 36 0 6 16.5 9.5 7.5
 227 45 0 1 8 11 7
 228 97 0 2 12.5 10.5 7.5
 229 97 0 40 17.35 10.725 8.95
 230 63 0 30 2.86667 12.1333 9.2
 231 77 0 2 4 12 7.5
 232 43 0 52 11.6923 13.5385 11.3846
 233 58 0 1 3 16 7
 234 38 0 1 11 16 7
 235 19 0 1 16 16 7
 236 48 0 1 17 16 7
 237 23 0 1 11 18 7
 238 21 0 1 16 18 7
 239 68 0 10 0 18.4 8.9
 240 58 0 1 14 1 8
 241 74 0 22 14.3182 0 10.4091
 242 18 0 80 6.5875 17.8375 11.1375
 243 90 0 6 15.8333 3 8.16667
 244 71 0 53 14.8491 3.86792 11.0755
 245 92 0 46 17.7391 4.21739 10.087
 246 96 0 36 18.4167 7.66667 10.8333
 247 66 0 28 1.28571 9.53571 9.82143
 248 49 0 27 5.55556 9.03704 9.51852
 249 47 0 1 8 8 8
 250 75 0 31 12.1935 11.2581 10.2903
 251 53 0 17 0.882353 13.1176 9.58824
 252 60 0 24 3.08333 16.3333 9.125
 253 37 0 41 15.4634 16.2439 10.0244
 254 20 0 4 13 18.25 8.75
 255 6 0 16 8.875 0.75 11.25
 256 51 0 7 17.1429 19.8571 9.42857
 257 93 0 1 0 1 9
 258 31 0 1 11 2 9
 259 47 0 12 14.5 2.75 10
 260 43 0 3 2.66667 3.66667 9.33333
 261 40 0 2 13.5 4 9
 262 7 0 1 19 4 9
 263 68 0 1 5 5 9
 264 71 0 17 5.88235 5.41176 10.4706
 265 85 0 11 8.18182 5.81818 10.1818
 266 24 0 1 0 7 9
 267 65 0 1 3 7 9
 268 22 0 8 17.375 7.125 9.625
 269 90 0 26 0.5 6 11.1538
 270 13 0 13 15.3077 8.23077 10.1538
 271 87 0 31 13.6774 8.54839 11.1613
 272 52 0 1 4 11 9
 273 15 0 17 15.8235 13.2353 10.0588
 274 28 0 38 4.02632 15.8947 11.4737
 275 99 0 1 8 14 9
 276 47 0 3 5.66667 16.6667 9.33333
 277 96 0 5 11.4 15.6 9.8
 278 33 0 5 14 16 9.8
 279 4 0 38 1.36842 17.0789 10.6842
 280 87 0 7 7.57143 16.8571 10
 281 8 0 26 11.7692 17.1154 10.5769
 282 4 0 18 12.0556 1.27778 10.8889
 283 39 0 33 3.0303 0.727273 13.303
 284 94 0 66 4.36364 4.45455 11.697
 285 38 0 2 11 2 10.5
 286 69 0 11 10.0909 3.09091 11.4545
 287 18 0 16 1.75 2.3125 11.6875
 288 46 0 1 8 4 10
 289 78 0 3 2 5.33333 10.3333
 290 88 0 21 14.5238 5.2381 12.2857
 291 54 0 18 6.38889 6.94444 11.3333
 292 33 0 19 16.3684 10.6316 12.7895
 293 8 0 24 4.375 9.33333 12
 294 66 0 12 16 9.33333 12.0833
 295 23 0 36 0.25 8.91667 13.0278
 296 65 0 21 6.61905 11.6667 11.1905
 297 92 0 22 8.54545 13.8182 10.9545
 298 72 0 10 10.8 12.4 10.8
 299 74 0 19 13.9474 12.3158 11.1579
 300 69 0 2 17.5 12.5 10.5
 301 40 0 15 19.1333 13.6667 11.1333
 302 92 0 11 19.4545 15.4545 11.5455
 303 44 0 8 4 16 11.5
 304 96 0 12 6.16667 14.4167 11.8333
 305 77 0 1 3 17 10
 306 95 0 11 2.09091 19.5455 11.5455
 307 29 0 2 6.5 19 10.5
 308 55 0 12 19.6667 1.08333 12.25
 309 89 0 7 7.28571 19.5714 11.8571
 310 10 0 3 16 19.3333 11.3333
 311 91 0 3 3.66667 1.66667 12
 312 32 0 1 5 2 11
 313 78 0 1 0 3 11
 314 5 0 12 7.75 3.83333 12
 315 57 0 1 10 3 11
 316 53 0 10 16.2 5.4 12
 317 75 0 8 2.25 9.75 11.875
 318 26 0 1 7 8 11
 319 96 0 12 11.4167 7.91667 11.8333
 320 94 0 9 10.4444 9 11.6667
 321 4 0 2 8.5 10 11
 322 84 0 11 18.7273 10.9091 11.4545
 323 73 0 6 3.83333 11.3333 12.1667
 324 91 0 1 16 11 11
 325 7 0 4 1 12.5 11.75
 326 22 0 11 17 12.1818 12.0909
 327 26 0 12 3.16667 13.1667 12.1667
 328 54 0 50 13.7 16.18 13.54
 329 79 0 12 9.83333 18.1667 12.25
 330 75 0 1 5 18 11
 331 58 0 27 12.5926 19.3704 13.2963
 332 11 0 1 3 19 11
 333 36 0 33 7.09091 18.697 14.0303
 334 9 0 23 8.6087 0.695652 13.6957
 335 80 0 12 11.0833 1 13.5
 336 65 0 6 0.833333 19 13.3333
 337 36 0 31 19.0968 3.25806 13.6774
 338 99 0 36 1.16667 5.16667 14.3056
 339 27 0 21 9.38095 5.52381 13.0476
 340 46 0 30 12.2333 4.5 13.7
 341 32 0 1 2 7 12
 342 80 0 29 13 9.10345 14.3448
 343 13 0 44 8.45455 9.22727 13.5455
 344 25 0 17 14 10.1765 13.1176
 345 45 0 1 17 9 12
 346 32 0 31 10.6452 11.3226 14.1613
 347 17 0 1 9 12 12
 348 81 0 1 15 12 12
 349 30 0 19 19.2105 12.5789 13.4211
 350 1 0 43 6.02326 12.3721 14.5814
 351 10 0 18 15.4444 13 14.2222
 352 10 0 10 8.6 13.8 13
 353 72 0 1 18 16 12
 354 1 0 4 11.25 16.75 12.75
 355 53 0 28 19.7143 18.1429 14.1786
 356 7 0 1 9 18 12
 357 43 0 16 4.375 19.8125 14.375
 358 31 0 40 16.375 19.3 14.925
 359 10 0 5 18.2 0.6 14
 360 2 0 23 6.52174 1.56522 15
 361 98 0 9 8.55556 3.11111 14
 362 74 0 1 7 3 13
 363 51 0 31 16.7419 3.80645 14.4839
 364 75 0 16 6 7.125 13.875
 365 7 0 1 18 6 13
 366 78 0 16 16.1875 6.5625 14.625
 367 12 0 25 18.36 7.4 14.92
 368 31 0 1 6 10 13
 369 68 0 3 11 10 13.6667
 370 83 0 13 6.61538 9.46154 15.0769
 371 48 0 5 10.4 13.6 13.6
 372 73 0 1 16 13 13
 373 98 0 15 2.73333 14.0667 14.0667
 374 22 0 55 2.45455 16.4182 15.7636
 375 63 0 19 10.5789 15.8947 14.4737
 376 61 0 2 12.5 15.5 13
 377 49 0 15 15.7333 17.2667 14.8667
 378 1 0 2 6.5 16.5 13.5
 379 48 0 1 18 19 13
 380 3 0 20 0.25 0.85 15.15
 381 55 0 2 14 0.5 14
 382 42 0 12 15.8333 1.66667 14.8333
 383 37 0 10 3.5 3.3 14.4
 384 59 0 28 11.6786 1.92857 15.3214
 385 100 0 2 1.5 4 14.5
 386 1 0 7 4.71429 5.71429 14.7143
 387 84 0 23 7.52174 5.08696 15.1304
 388 40 0 2 0 6.5 14.5
 389 21 0 1 8 6 14
 390 86 0 2 12.5 6 14.5
 391 50 0 12 2.41667 8.33333 15.3333
 392 9 0 6 4.33333 9.16667 14
 393 79 0 14 11.2143 7.78571 15.2143
 394 47 0 8 19.25 9.625 15.5
 395 11 0 27 4.37037 8.88889 16.2593
 396 28 0 17 14.5882 7.88235 15.9412
 397 67 0 40 16.625 10.85 16.45
 398 18 0 7 4 12.7143 15.2857
 399 28 0 1 6 13 14
 400 93 0 12 19.8333 13.5833 15.5833
 401 86 0 4 14.75 16 14.75
 402 15 0 2 2 16.5 14.5
 403 75 0 11 10.2727 18.3636 15.3636
 404 86 0 1 15 18 14
 405 50 0 11 12.0909 19 14.9091
 406 23 0 9 17.8889 0.222222 16.5556
 407 19 0 32 6.6875 2.875 15.9375
 408 28 0 1 7 1 15
 409 73 0 35 8.74286 5.45714 16.6
 410 68 0 1 14 3 15
 411 16 0 2 18 3.5 15
 412 60 0 17 13.3529 13.3529 15.9412
 413 77 0 37 7.56757 13.9189 17.4054
 414 64 0 5 9.6 13.8 16.2
 415 55 0 20 10.8 15 16.05
 416 65 0 7 7.42857 15.7143 15.5714
 417 77 0 1 17 17 15
 418 34 0 4 1.75 18.75 15.5
 419 85 0 15 8.4 0 16.9333
 420 59 0 21 4.57143 19.7143 17.5714
 421 36 0 7 10.5714 19.1429 17.4286
 422 93 0 1 15 0 16
 423 35 0 17 2.23529 3.29412 17
 424 27 0 24 13.9583 3.70833 17.4167
 425 91 0 14 17.2143 3.28571 17.0714
 426 6 0 14 6.85714 2.92857 17.2857
 427 58 0 10 19.4 4.6 17.4
 428 31 0 1 5 5 16
 429 73 0 21 0.666667 6.95238 17.1905
 430 26 0 1 7 8 16
 431 21 0 12 9.83333 9.66667 16.5
 432 39 0 8 18.5 8.125 16.875
 433 52 0 1 4 9 16
 434 22 0 18 13.3333 8.72222 17
 435 41 0 1 17 9 16
 436 50 0 1 16 10 16
 437 44 0 3 1.66667 15 16
 438 48 0 3 17.3333 14.3333 16.3333
 439 11 0 12 11.0833 17.3333 17.3333
 440 56 0 4 14.5 18.25 16.25
 441 4 0 4 11 1.75 17.5
 442 5 0 1 2 5 17
 443 21 0 18 5.33333 10.2778 17.8889
 444 85 0 1 0 11 17
 445 69 0 1 3 14 17
 446 23 0 2 17.5 14.5 17
 447 68 0 8 15.625 16 17.25
 448 96 0 5 5.6 16.6 17.8
 449 81 0 7 13.2857 17 17.4286
 450 99 0 1 2 17 17
 451 69 0 6 6.5 18.3333 17.5
 452 48 0 3 16.3333 19 18
 453 72 0 13 18.3077 19.3077 18.3846
 454 26 0 1 2 3 18
 455 83 0 1 2 5 18
 456 63 0 1 16 5 18
 457 65 0 1 12 9 18
 458 39 0 4 19 11 18.25
 459 66 0 1 0 14 18
 460 53 0 2 0.5 15 18
 461 59 0 1 0 1 19
 462 63 0 1 10 7 19
 463 10 0 1 1 10 19
 464 73 0 1 13 13 19
 465 38 0 1 0 14 19



--------------------------------------------------
Time = 1.300000 
ncluster = 395 
<N> = 20.2532 
<R> = 2.35988 
id ivalue dvalue size cx cy cz
 1 97 0 80 19.275 2.2875 18.3375
 2 3 0 29 0.931034 0.310345 1.62069
 3 6 0 153 4.84967 15.9739 15.9608
 4 69 0 26 4.03846 0.115385 1.38462
 5 55 0 31 5.12903 2 19.1935
 6 26 0 74 7.40541 0.756757 2.59459
 7 39 0 26 9.26923 18.3077 18.8462
 8 78 0 19 9.94737 1.42105 19.2105
 9 10 0 52 12.6154 0.115385 0
 10 2 0 55 17.4364 19.9273 19.4727
 11 53 0 36 13.1389 3.16667 0.222222
 12 9 0 66 5.07576 4.78788 1.10606
 13 34 0 30 11.6 2.56667 17.8667
 14 38 0 4 12 2.5 0.25
 15 26 0 80 14.9375 4.7125 2.8875
 16 27 0 17 2.11765 4.05882 19.6471
 17 22 0 26 7.73077 3.53846 0.576923
 18 95 0 25 18.4 3.36 1.52
 19 94 0 89 1.1573 7.31461 1.07865
 20 37 0 38 7.84211 7.76316 1.55263
 21 77 0 19 9.73684 4.05263 18.7895
 22 29 0 128 14.7969 7.38281 18.5547
 23 49 0 11 4.63636 6.27273 19.8182
 24 16 0 14 8.85714 5.35714 1.35714
 25 41 0 48 3.375 6.1875 16.875
 26 30 0 41 2.63415 6.82927 2.07317
 27 82 0 98 10.6429 11.6327 18.449
 28 20 0 35 10.7143 8.85714 1.6
 29 3 0 25 12.32 7 0.84
 30 64 0 11 16.2727 7.72727 1
 31 48 0 1 18 6 0
 32 24 0 1 0 7 0
 33 6 0 40 18.2 10.025 19.975
 34 28 0 35 5.37143 9.34286 0.457143
 35 94 0 8 13 6.875 18.625
 36 88 0 21 0.714286 9.42857 1.2381
 37 25 0 50 8.32 10.68 0.12
 38 80 0 1 13 9 0
 39 25 0 85 1.08235 11.1412 15.7647
 40 7 0 84 3.33333 12.4524 18.5476
 41 42 0 28 11.5357 12.2857 17.8571
 42 36 0 28 14.8571 11.7857 18.8929
 43 55 0 10 0.6 13.7 19.6
 44 58 0 15 5.33333 12.6667 0.866667
 45 96 0 1 9 12 0
 46 46 0 66 15.697 15.1515 16.5303
 47 2 0 47 1.2766 12.4894 3.34043
 48 84 0 23 2.30435 13.7826 0.73913
 49 81 0 18 8.44444 13.7222 19.8889
 50 8 0 12 15.8333 13.5 18.8333
 51 86 0 1 18 13 0
 52 87 0 21 17.0952 14.1429 1.33333
 53 42 0 21 19 14.6667 1.95238
 54 100 0 218 17.2294 15.8853 0.188073
 55 29 0 10 2 16.1 19.9
 56 42 0 22 5.36364 16.0909 19.8182
 57 18 0 9 8.55556 15.8889 1
 58 58 0 15 10.1333 16.6 1.46667
 59 22 0 13 13.6154 14.7692 1
 60 36 0 24 3.875 16.5417 1.5
 61 15 0 11 8.81818 15.8182 18.2727
 62 2 0 18 11.0556 17.6667 0.444444
 63 50 0 29 15.931 17.3793 19.4828
 64 24 0 18 6.94444 18.1111 19.6667
 65 57 0 18 18.2222 16.5556 1.83333
 66 81 0 20 16.3 1.35 2.65
 67 17 0 13 2.69231 3.30769 2.30769
 68 63 0 11 10.0909 1.09091 2.63636
 69 32 0 19 14.0526 9.21053 2.52632
 70 6 0 7 3.28571 10.5714 1.71429
 71 99 0 27 13.8148 11.8148 2.40741
 72 8 0 8 1 11.5 1.625
 73 68 0 20 10.5 12.85 1.95
 74 90 0 12 16.5833 11.5833 2.16667
 75 69 0 23 5.26087 12.7826 2.65217
 76 78 0 1 16 13 1
 77 10 0 37 7.62162 16.0541 2.62162
 78 68 0 3 7 1 2.33333
 79 79 0 1 11 0 2
 80 34 0 6 14.1667 0.166667 3.16667
 81 44 0 5 9.2 2.4 2.4
 82 47 0 23 0 3.82609 3.30435
 83 15 0 1 8 3 2
 84 36 0 28 10.6429 4.07143 3.32143
 85 24 0 15 4.26667 5.13333 3.13333
 86 18 0 38 17.8947 6.07895 4.28947
 87 62 0 46 10.3043 7.1087 4.26087
 88 14 0 4 7.25 9 3
 89 68 0 36 17.3333 9.55556 4.63889
 90 93 0 12 5.83333 14.4167 3.83333
 91 45 0 15 9.06667 13 3.26667
 92 90 0 12 2.91667 15.3333 3.08333
 93 71 0 36 18.7778 12 4.25
 94 59 0 29 0.241379 15.9655 3.75862
 95 72 0 30 5.7 18.2333 3.5
 96 84 0 26 11.4615 18.2692 3.23077
 97 42 0 88 14.3409 19.0909 5.29545
 98 26 0 1 16 19 2
 99 46 0 100 0 0.18 6.99
 100 14 0 28 3.85714 19.1429 4.71429
 101 56 0 14 12.5 2.42857 3.64286
 102 80 0 43 2.55814 2.18605 5.11628
 103 19 0 21 7.47619 3.47619 4.38095
 104 2 0 25 2.28 4.64 4.64
 105 1 0 41 13.8537 8.04878 5
 106 7 0 1 1 7 3
 107 83 0 14 19.7857 9 4.21429
 108 52 0 22 3.18182 9.40909 4.45455
 109 99 0 7 2.57143 10.7143 3.57143
 110 65 0 7 10.4286 10.2857 4.28571
 111 48 0 2 0.5 11.5 3
 112 96 0 8 11.375 11.75 3.875
 113 42 0 15 7.33333 12.2 4.4
 114 32 0 18 15.7222 13.0556 4.33333
 115 71 0 1 13 16 3
 116 43 0 28 16.6786 16.3214 5.03571
 117 75 0 3 8.66667 18.3333 4
 118 73 0 1 0 19 3
 119 41 0 18 9.72222 0.388889 4.88889
 120 8 0 23 11.3913 1.65217 5.34783
 121 73 0 4 17.75 3 4
 122 78 0 1 14 3 4
 123 8 0 2 15.5 2.5 4.5
 124 48 0 31 6.64516 6.09677 5.58065
 125 55 0 9 11.2222 5.55556 5
 126 13 0 1 11 6 4
 127 36 0 48 3.875 9.5 6.875
 128 17 0 9 9 9.44444 5.33333
 129 53 0 31 6.93548 8.90323 6.48387
 130 55 0 10 13 10.7 4.6
 131 86 0 14 6 11.9286 5.42857
 132 23 0 1 4 13 4
 133 87 0 46 9.28261 14.1522 5.73913
 134 49 0 35 12.5429 14.4 5.57143
 135 53 0 22 2 16.8636 5.09091
 136 34 0 1 3 15 4
 137 48 0 71 10.4507 17 7.40845
 138 39 0 1 13 18 4
 139 53 0 1 15 19 4
 140 46 0 21 6.19048 0.857143 6.33333
 141 78 0 34 12.9706 1 7.38235
 142 82 0 37 18.1081 3.54054 6.59459
 143 65 0 1 8 5 5
 144 16 0 95 12.7579 3.98947 8
 145 40 0 8 3.25 6.5 5.625
 146 71 0 22 9.63636 6.27273 6.59091
 147 29 0 71 0.169014 7.25352 7.23944
 148 60 0 21 16.1429 7.71429 7.38095
 149 6 0 19 0.578947 11.3158 6.57895
 150 4 0 2 16 10.5 5
 151 97 0 6 4.33333 12.1667 5.5
 152 25 0 27 10.5926 10.7407 7.11111
 153 53 0 12 12.5 11.4167 6.41667
 154 86 0 39 14.7436 10.0256 7.10256
 155 35 0 12 17.25 13.5 6.16667
 156 38 0 32 1.8125 15.1562 6.71875
 157 35 0 13 4.30769 16 6
 158 36 0 47 18.3404 16.7872 7.10638
 159 81 0 12 6.25 16.9167 6.08333
 160 68 0 3 10.6667 18 5
 161 64 0 1 18 18 5
 162 99 0 1 2 0 6
 163 37 0 13 5 0.769231 7
 164 94 0 12 17.6667 0.75 6.58333
 165 32 0 8 3.125 2.25 7.125
 166 91 0 16 7.5625 4.1875 7.375
 167 60 0 18 2.16667 4.22222 7.22222
 168 81 0 58 4.27586 5.63793 8.12069
 169 52 0 34 8.73529 2.44118 9.08824
 170 28 0 10 7.8 9.7 8.3
 171 33 0 1 11 11 6
 172 99 0 16 18.8125 12.75 8.25
 173 43 0 54 11.6481 13.6667 11.1481
 174 97 0 44 17.3864 10.7955 8.75
 175 50 0 5 2.4 13.4 7
 176 98 0 10 19.5 14.6 7.2
 177 52 0 17 5.35294 14.7647 8.11765
 178 64 0 11 8.09091 14.5455 7.18182
 179 3 0 3 14.3333 15.3333 6.33333
 180 16 0 12 15.0833 15.75 7.75
 181 71 0 2 3.5 18 6.5
 182 11 0 51 7.17647 17.3529 8.03922
 183 25 0 24 2.79167 1.08333 9.375
 184 14 0 23 10.1304 0.0434783 8.43478
 185 53 0 23 14.8261 19.3913 8.34783
 186 65 0 7 16.2857 1.71429 7.57143
 187 44 0 1 2 2 7
 188 82 0 33 6.18182 1.69697 9.24242
 189 71 0 55 14.7818 4.01818 10.9273
 190 40 0 6 19.8333 4.83333 7.33333
 191 100 0 26 10.0769 6.34615 8.96154
 192 23 0 32 9.71875 9.65625 9.4375
 193 66 0 32 1.25 9.3125 9.71875
 194 36 0 2 16.5 10 7.5
 195 66 0 52 6.71154 12.4038 8.44231
 196 97 0 2 12.5 10.5 7.5
 197 63 0 33 2.78788 12.2424 9.30303
 198 18 0 1 4 12 7
 199 82 0 12 15.25 13.5 7.75
 200 60 0 27 3.37037 16.2222 9.07407
 201 30 0 3 13.3333 13.6667 7.66667
 202 55 0 1 3 16 7
 203 91 0 1 17 16 7
 204 50 0 77 17.6234 18.961 10.6494
 205 29 0 1 2 0 8
 206 18 0 94 6.67021 17.734 11.234
 207 61 0 1 14 1 8
 208 74 0 20 14.35 0 10.45
 209 53 0 5 19.6 2.4 9.2
 210 92 0 60 17.5833 4.03333 10.0667
 211 95 0 1 5 4 8
 212 14 0 14 8.07143 7 9.78571
 213 83 0 28 12.3214 7.07143 9.60714
 214 96 0 41 18.4146 7.70732 10.7805
 215 75 0 33 12.1818 11.2121 10.4848
 216 53 0 19 0.736842 13.3684 9.57895
 217 37 0 40 15.35 16.35 9.825
 218 4 0 44 1.45455 17.2727 10.6136
 219 96 0 1 12 18 8
 220 51 0 2 17.5 0.5 9.5
 221 56 0 1 11 2 9
 222 47 0 11 14.6364 2.63636 9.81818
 223 90 0 28 0.464286 5.5 11.0714
 224 71 0 10 6 4.9 9.9
 225 85 0 9 8.44444 5.55556 10.3333
 226 49 0 29 5.34483 8.96552 9.62069
 227 94 0 77 4.5974 4.44156 11.7143
 228 22 0 2 17 7.5 9.5
 229 13 0 8 15.875 7.875 10.375
 230 87 0 33 13.7879 8.57576 10.9394
 231 96 0 11 11.1818 8.45455 11.5455
 232 15 0 18 15.8889 13.2222 9.94444
 233 28 0 36 4.30556 15.4722 11.4167
 234 8 0 1 8 14 9
 235 47 0 3 5.66667 17.3333 9.66667
 236 87 0 6 7.5 16.8333 9.83333
 237 8 0 24 11.7083 17.4583 10.875
 238 66 0 1 19 18 9
 239 4 0 21 11.7619 1.19048 10.7143
 240 18 0 13 1.76923 2.46154 11.6923
 241 54 0 19 6.42105 6.84211 11.3684
 242 66 0 6 15.5 10.1667 10.3333
 243 23 0 45 0.288889 8.66667 13.0222
 244 10 0 1 5 10 10
 245 65 0 18 6.72222 11.8889 11.1667
 246 74 0 24 13.75 12.7083 11
 247 72 0 8 10.875 12.375 11
 248 40 0 22 19.0909 13.7273 11.0455
 249 92 0 25 8.48 13.88 11.2
 250 96 0 3 11.6667 15.6667 10
 251 92 0 9 19.5556 15.4444 11.5556
 252 67 0 1 17 17 10
 253 95 0 8 2 19.25 11.5
 254 39 0 41 3.07317 0.658537 13.5122
 255 23 0 1 8 0 11
 256 6 0 9 9 1.11111 11.4444
 257 10 0 2 16.5 19.5 11.5
 258 55 0 11 0.0909091 1.18182 12.3636
 259 24 0 1 5 2 11
 260 18 0 2 10.5 2.5 11
 261 5 0 10 7.7 3.8 12
 262 69 0 8 9.875 3 11.875
 263 88 0 19 14.3158 5.31579 12.4737
 264 53 0 7 16 5 11.5714
 265 43 0 1 1 8 11
 266 8 0 27 4.33333 9.11111 12.2593
 267 13 0 53 8.24528 9.26415 13.1321
 268 94 0 6 10.3333 8.66667 11.5
 269 35 0 1 3 10 11
 270 33 0 23 16.3043 10.8261 12.8261
 271 84 0 11 18.5455 11.0909 11.3636
 272 64 0 1 1 11 11
 273 22 0 8 17 12.25 12
 274 26 0 14 3 13.0714 12.2143
 275 54 0 51 13.8039 16.0784 13.451
 276 44 0 5 4.4 16.6 11.2
 277 79 0 11 10.2727 18.4545 12.0909
 278 49 0 1 10 18 11
 279 36 0 35 7.11429 18.7143 14.0857
 280 9 0 31 8.48387 0.806452 13.7419
 281 58 0 27 12.9259 19.4815 13.3704
 282 80 0 11 11.2727 1.18182 13.4545
 283 3 0 26 0.269231 0.769231 14.9231
 284 36 0 30 19.0333 3.26667 13.5333
 285 99 0 37 1.27027 5.16216 14.4324
 286 27 0 27 9.25926 5.59259 13.1481
 287 46 0 35 12.2 4.45714 13.6
 288 80 0 33 13 8.9697 14.2727
 289 73 0 5 3.6 11 12.2
 290 25 0 17 14.0588 10.2941 13
 291 30 0 18 19.2222 12.5556 13.2778
 292 32 0 36 10.5278 11.5 14.2778
 293 43 0 1 1 13 12
 294 1 0 40 6.175 11.925 13.95
 295 53 0 23 19.3913 18.3043 13.3478
 296 89 0 2 7 18.5 12.5
 297 11 0 1 9 18 12
 298 31 0 49 16.3673 19.2857 14.7755
 299 43 0 16 4.4375 19.75 14.25
 300 10 0 2 18 1 13.5
 301 2 0 28 6.46429 1.60714 14.8929
 302 51 0 40 16.7 3.675 14.65
 303 98 0 5 8.6 3.2 14.2
 304 84 0 21 7.61905 5.19048 14.9048
 305 12 0 28 18.1429 7.35714 14.7857
 306 75 0 17 6 7.47059 14
 307 78 0 16 16.25 6.5625 14.5
 308 71 0 1 16 8 13
 309 75 0 1 1 10 13
 310 63 0 1 7 11 13
 311 10 0 7 8.57143 13.7143 13.2857
 312 10 0 20 15.2 13.05 14.3
 313 96 0 1 16 13 13
 314 22 0 62 2.58065 16.5161 15.9516
 315 98 0 16 2.75 14 14.0625
 316 17 0 1 6 14 13
 317 48 0 1 11 14 13
 318 63 0 22 10.6364 15.5 14.1818
 319 16 0 1 13 16 13
 320 21 0 1 7 17 13
 321 42 0 6 15.8333 1.5 14.8333
 322 37 0 11 3.63636 3.18182 14.4545
 323 59 0 31 11.8065 1.83871 15.4516
 324 22 0 1 2 4 14
 325 17 0 1 5 4 14
 326 1 0 2 4.5 6.5 14.5
 327 28 0 15 14.4 8 15.4667
 328 79 0 13 11.1538 7.84615 15.3077
 329 72 0 1 10 10 14
 330 67 0 41 16.8049 10.8293 16.3902
 331 72 0 1 6 13 14
 332 55 0 25 10.6 14.96 16.24
 333 93 0 12 19.6667 13.75 15.4167
 334 49 0 13 15.6154 17.3846 14.9231
 335 86 0 2 2 16.5 14.5
 336 65 0 2 1.5 18 14
 337 75 0 12 10.4167 18.4167 15.0833
 338 48 0 1 15 18 14
 339 85 0 17 8.41176 19.8824 16.8824
 340 50 0 10 12.2 19.3 15.4
 341 19 0 29 6.58621 3.06897 15.931
 342 34 0 1 14 3 15
 343 27 0 22 14 3.63636 17.2273
 344 18 0 1 18 3 15
 345 73 0 36 8.66667 5.41667 16.4722
 346 74 0 31 12.0323 6.19355 16.9355
 347 15 0 1 0 7 15
 348 11 0 33 4.27273 8.72727 16.3333
 349 50 0 7 2 8.42857 15.5714
 350 83 0 7 6.14286 9.28571 15.2857
 351 47 0 6 19.3333 9.5 15.6667
 352 18 0 3 4.33333 12.3333 15.3333
 353 60 0 16 13.3125 13.4375 16
 354 65 0 3 7.33333 16 15.6667
 355 34 0 3 1.66667 18.3333 15.3333
 356 29 0 1 10 0 16
 357 38 0 25 14.64 19.36 17.56
 358 23 0 4 18 1 16.5
 359 59 0 19 4.42105 19.7368 17.8421
 360 35 0 16 2.3125 3.3125 17.0625
 361 6 0 12 6.83333 3 17.25
 362 58 0 11 19.9091 4.27273 17.3636
 363 91 0 2 17.5 4.5 16.5
 364 73 0 21 0.714286 7.04762 17.0476
 365 21 0 16 9.875 10 16.625
 366 39 0 9 18.4444 8.11111 17.2222
 367 55 0 1 4 9 16
 368 22 0 15 13.5333 8.86667 16.9333
 369 83 0 1 16 10 16
 370 77 0 37 7.64865 14 17.3243
 371 1 0 3 5.33333 14.3333 16.6667
 372 63 0 1 1 15 16
 373 11 0 12 11.5833 17.1667 16.9167
 374 81 0 8 13.875 16.75 17.125
 375 69 0 3 6.66667 17.6667 16.6667
 376 56 0 2 14.5 18.5 16
 377 10 0 5 2.8 1.8 18.2
 378 91 0 2 16.5 2 17
 379 21 0 19 4.94737 10.4737 17.8947
 380 1 0 2 3 14.5 17.5
 381 57 0 1 17 15 17
 382 68 0 1 16 17 17
 383 72 0 16 18.5 19.125 18.25
 384 73 0 7 6.57143 0.285714 18.4286
 385 42 0 1 12 2 18
 386 60 0 2 15.5 4.5 18.5
 387 87 0 4 17 8 18.25
 388 42 0 1 18 11 18
 389 6 0 1 14 12 18
 390 62 0 1 0 14 18
 391 96 0 1 1 15 18
 392 68 0 2 19.5 17.5 18
 393 95 0 1 10 18 18
 394 46 0 3 19.6667 19.6667 19
 395 98 0 1 3 9 19



--------------------------------------------------
Time = 1.670000 
ncluster = 315 
<N> = 25.3968 
<R> = 2.56932 
id ivalue dvalue size cx cy cz
 1 3 0 35 0.942857 0.171429 1.68571
 2 69 0 22 4 0 1.27273
 3 55 0 31 5.19355 1.87097 18.8387
 4 24 0 24 6.95833 18.25 19.625
 5 26 0 80 7.55 0.7 2.65
 6 39 0 27 9.55556 17.5926 19.0741
 7 78 0 21 9.85714 1.33333 19.1905
 8 10 0 63 12.6032 0.111111 19.9683
 9 2 0 42 16.9762 0.595238 0.142857
 10 97 0 88 19.4432 2.26136 18.2614
 11 9 0 78 5.10256 4.67949 1.10256
 12 34 0 30 11.5667 2.46667 17.9
 13 53 0 34 13.1176 3.32353 0.235294
 14 27 0 10 2.1 4.2 19.7
 15 22 0 24 7.66667 3.625 0.458333
 16 38 0 2 12.5 3 0
 17 26 0 84 15.0714 4.91667 3.0119
 18 95 0 26 18.2692 2.96154 1.92308
 19 94 0 102 1.2451 7.20588 1.04902
 20 37 0 40 7.825 7.725 1.6
 21 77 0 19 9.73684 4.10526 18.8421
 22 29 0 145 14.9655 7.29655 18.4207
 23 49 0 10 4.7 6.6 19.8
 24 16 0 14 8.92857 5.21429 1.35714
 25 3 0 28 12.3214 6.85714 0.571429
 26 30 0 45 2.53333 6.95556 2.04444
 27 82 0 98 10.6429 11.4694 18.3878
 28 20 0 34 11 8.91176 1.44118
 29 64 0 6 16.5 6.66667 0.166667
 30 88 0 1 18 6 0
 31 28 0 34 5.52941 9.35294 0.558824
 32 94 0 2 13.5 8.5 0
 33 88 0 25 0.96 9.84 1.48
 34 25 0 54 8.38889 10.7037 0.314815
 35 6 0 51 17.9412 10.3725 0.117647
 36 7 0 93 3.12903 12.6344 18.3656
 37 54 0 1 9 10 0
 38 25 0 86 0.930233 11.1163 15.5
 39 21 0 17 5 10.4118 18.2353
 40 42 0 26 11.4231 12.1538 17.6923
 41 36 0 28 14.8929 11.9286 18.9643
 42 84 0 30 2.13333 13.8 0.366667
 43 6 0 1 4 12 0
 44 58 0 16 5.375 12.6875 0.9375
 45 60 0 1 9 12 0
 46 46 0 83 15.6145 15.0843 16.747
 47 50 0 1 0 13 0
 48 81 0 20 8.2 13.85 19.9
 49 87 0 21 17 13.8571 1.47619
 50 2 0 65 1.69231 12.3385 3.43077
 51 100 0 251 17.3147 15.8765 0.250996
 52 42 0 20 18.95 14.6 2
 53 29 0 7 1.71429 16.1429 0.428571
 54 42 0 22 5.40909 16.0909 19.9545
 55 18 0 6 8.5 15.3333 1.16667
 56 22 0 9 13.3333 15.1111 0.666667
 57 36 0 25 3.88 16.44 1.6
 58 2 0 13 11.2308 17.4615 0.461538
 59 50 0 29 16.0345 17.4138 19.2759
 60 6 0 162 4.80247 16.0247 16.0864
 61 81 0 21 16.0952 1.33333 2.52381
 62 17 0 12 2.83333 3.16667 2.33333
 63 36 0 28 10.7143 3.92857 3.14286
 64 99 0 32 13.7812 12 2.4375
 65 68 0 15 10.5333 12.7333 1.86667
 66 10 0 41 7.65854 16.0488 2.63415
 67 58 0 12 10.1667 16.75 1.66667
 68 57 0 11 18.1818 16.2727 1.81818
 69 63 0 11 9.72727 1 2.90909
 70 84 0 32 11.5625 18.125 3.40625
 71 42 0 98 14.2551 19.1735 5.29592
 72 47 0 22 0.0909091 3.95455 3.09091
 73 19 0 28 7.67857 3.46429 4.25
 74 18 0 3 15.6667 3.33333 3
 75 46 0 1 6 4 2
 76 62 0 58 10.1897 7.10345 4.2931
 77 18 0 36 18 6.27778 4.38889
 78 32 0 44 14.7955 10.8864 3.61364
 79 14 0 2 7 9 2.5
 80 68 0 36 17.3056 9.61111 4.75
 81 6 0 2 3.5 10.5 2.5
 82 8 0 2 2.5 10.5 2.5
 83 97 0 1 0 12 2
 84 69 0 22 5.22727 12.6818 2.86364
 85 90 0 3 16.3333 12 2.33333
 86 45 0 14 9.21429 12.7857 3.21429
 87 90 0 8 2.75 15.25 2.875
 88 59 0 32 0.28125 16.0312 3.875
 89 72 0 32 5.5625 18.3438 3.40625
 90 46 0 112 0.0178571 0.410714 7.19643
 91 80 0 47 2.55319 2.14894 4.87234
 92 56 0 12 12.5 2.33333 3.58333
 93 35 0 1 15 1 3
 94 2 0 27 2.40741 4.77778 4.44444
 95 24 0 7 4.14286 5.28571 3.28571
 96 1 0 40 13.85 8.15 5.05
 97 36 0 1 1 7 3
 98 83 0 8 19.5 8.625 4
 99 52 0 21 3.09524 9.57143 4.28571
 100 71 0 42 18.7143 12.0476 4.5
 101 42 0 8 7.5 11.5 4
 102 65 0 7 10.4286 10.4286 4.28571
 103 96 0 4 11.25 11.5 4
 104 93 0 10 5.3 14.9 4.1
 105 87 0 62 9.08065 13.9839 5.56452
 106 49 0 37 12.7297 14.1351 5.7027
 107 41 0 18 9.66667 0 4.66667
 108 8 0 26 11.5769 1.53846 5.11538
 109 14 0 22 4.09091 19.1818 4.90909
 110 82 0 38 18.1053 3.39474 6.39474
 111 48 0 37 6.75676 5.94595 5.72973
 112 55 0 6 11.3333 5.33333 5
 113 40 0 7 3.57143 6.57143 5.28571
 114 53 0 28 7.07143 9.21429 6.5
 115 86 0 14 5.78571 11.9286 5.07143
 116 55 0 2 13.5 11 4
 117 53 0 17 2.17647 16.8824 5
 118 48 0 72 10.3472 17.0139 7.34722
 119 43 0 32 16.75 16.2812 5.125
 120 78 0 31 13.129 1.06452 7.35484
 121 16 0 108 12.9074 4.02778 7.89815
 122 46 0 10 6 2.9 5.8
 123 71 0 19 9.94737 6.31579 6.63158
 124 29 0 77 0.220779 7.25974 7.14286
 125 36 0 44 4 9.47727 6.81818
 126 17 0 6 9 9.5 5.5
 127 6 0 19 0.578947 11.3158 6.57895
 128 78 0 1 16 10 5
 129 25 0 28 10.8214 10.6786 7.07143
 130 53 0 9 12.4444 11.3333 6.33333
 131 86 0 43 14.6744 10.0465 7.16279
 132 38 0 38 1.57895 15.1053 6.78947
 133 35 0 16 4.375 15.875 6
 134 36 0 52 18.2885 17 7.13462
 135 81 0 10 6.4 16.7 6
 136 86 0 1 9 18 5
 137 25 0 29 2.93103 1.27586 9.34483
 138 37 0 13 4.84615 0.846154 7
 139 46 0 8 6.5 19.375 6.75
 140 94 0 8 17.75 1.5 6.5
 141 32 0 5 3 2.2 7
 142 91 0 10 7.5 4 7.4
 143 60 0 17 2.17647 4.17647 7
 144 81 0 65 4.33846 5.73846 8.2
 145 60 0 15 16.4 7.86667 7.4
 146 18 0 1 5 12 6
 147 97 0 50 17.1 10.64 8.78
 148 52 0 16 5.0625 14.875 8.125
 149 66 0 91 4.74725 11.3626 8.85714
 150 35 0 3 17 13.3333 6.33333
 151 98 0 6 19.5 14.6667 7.16667
 152 64 0 7 7.71429 14.5714 7.14286
 153 11 0 63 6.95238 17.2381 8.19048
 154 14 0 25 10.32 19.76 8.48
 155 53 0 16 14.8125 19.5625 8.25
 156 82 0 38 6.44737 1.68421 8.84211
 157 65 0 4 16.5 1 8
 158 52 0 35 8.85714 2.45714 9.08571
 159 57 0 1 1 5 7
 160 92 0 66 17.697 4.06061 9.86364
 161 23 0 38 9.65789 9.68421 9.34211
 162 28 0 4 7.5 10 8.25
 163 63 0 45 2.77778 12.1556 9.24444
 164 82 0 14 15.2857 13.7143 7.57143
 165 16 0 7 15.1429 15.7143 7.28571
 166 37 0 45 15.1333 16.3333 9.48889
 167 74 0 21 14.381 0 10.5238
 168 18 0 123 6.37398 18.065 11.5285
 169 100 0 24 10 6.33333 9.375
 170 83 0 31 12.4839 7.29032 9.70968
 171 71 0 54 14.8519 3.83333 11.2037
 172 96 0 49 18.3673 7.89796 10.7755
 173 75 0 36 12.0556 11.1111 10.5
 174 99 0 13 18.6923 13.1538 8.38462
 175 53 0 16 0.5625 13.3125 9.625
 176 43 0 68 11.5882 13.6324 11.3824
 177 66 0 1 2 14 8
 178 60 0 25 3.4 16.24 9.12
 179 50 0 79 17.5823 18.7089 10.7089
 180 1 0 1 11 2 9
 181 4 0 18 12 1.33333 10.5556
 182 47 0 11 14.8182 2.54545 9.90909
 183 53 0 2 19.5 2.5 9.5
 184 85 0 10 8.4 5.5 10.2
 185 10 0 1 0 7 9
 186 54 0 14 6.5 6.85714 10.8571
 187 14 0 11 8.36364 7.63636 10.1818
 188 22 0 2 17 7.5 9.5
 189 49 0 28 5.67857 8.85714 9.67857
 190 87 0 36 14.0278 8.66667 11.0556
 191 15 0 18 15.9444 13.2222 9.88889
 192 74 0 29 13.7931 12.7586 10.931
 193 4 0 46 1.63043 17.5217 10.6087
 194 99 0 1 19 18 9
 195 94 0 87 4.83908 4.26437 11.8046
 196 90 0 30 0.533333 5.8 11.2667
 197 71 0 3 6.33333 4.66667 10.3333
 198 100 0 1 17 4 10
 199 13 0 4 15.5 6.75 10.25
 200 96 0 9 10.8889 8.44444 11.6667
 201 65 0 20 6.55 12.1 11.15
 202 76 0 1 15 11 10
 203 40 0 27 19.0741 13.4444 11
 204 28 0 34 4.26471 15.1471 11.3529
 205 92 0 21 8.47619 14.0952 11.1429
 206 19 0 1 12 15 10
 207 92 0 9 19.7778 15.3333 11.6667
 208 83 0 1 6 17 10
 209 8 0 23 11.7826 17.5652 11.1304
 210 95 0 8 1.75 19.5 11.625
 211 39 0 44 3.13636 0.477273 13.4091
 212 6 0 12 9 1.33333 11.3333
 213 55 0 8 19.75 1.25 12.125
 214 68 0 1 10 3 11
 215 27 0 32 9.25 5.59375 13
 216 69 0 5 9.6 3 12
 217 88 0 18 14.1667 5.33333 12.2778
 218 8 0 27 4.44444 8.88889 11.963
 219 23 0 48 0.333333 8.6875 13.2917
 220 13 0 61 8.27869 9.31148 13.1639
 221 33 0 26 16.3846 10.9615 12.9231
 222 84 0 10 18.6 11.3 11.6
 223 26 0 16 3.25 12.625 12.125
 224 72 0 1 16 13 11
 225 54 0 62 13.8871 16.2419 13.4032
 226 31 0 1 4 17 11
 227 61 0 1 10 18 11
 228 79 0 12 10.1667 18.6667 12.0833
 229 9 0 34 8.29412 0.617647 13.6471
 230 36 0 30 6.96667 18.6667 14.6
 231 58 0 27 12.8889 19.5926 13.5926
 232 80 0 9 11.2222 1.33333 13.4444
 233 36 0 31 19.3226 3.22581 13.4839
 234 46 0 41 12.0732 4.36585 13.5122
 235 99 0 38 1.36842 5.26316 14.3947
 236 5 0 6 7.33333 3.66667 12.6667
 237 51 0 41 16.7805 3.65854 14.3902
 238 53 0 2 15.5 5 12
 239 80 0 31 13.0323 9.12903 14.2903
 240 25 0 14 13.9286 10.5 13.1429
 241 1 0 46 5.84783 12.0217 13.9783
 242 32 0 42 10.3333 11.6667 14.4286
 243 4 0 1 10 13 12
 244 53 0 19 19.5789 18.5263 13.3684
 245 31 0 56 16.5714 19.4107 14.875
 246 3 0 24 0.375 0.333333 14.875
 247 43 0 19 4.26316 19.6316 14.4737
 248 2 0 26 6.30769 1.53846 14.9615
 249 68 0 1 18 1 13
 250 75 0 24 5.70833 7.20833 14.0417
 251 84 0 21 7.61905 4.95238 14.8571
 252 12 0 30 18.2 7.4 14.9333
 253 78 0 16 15.9375 6.875 14.375
 254 67 0 45 16.6667 10.6889 16.2667
 255 73 0 1 4 11 13
 256 71 0 1 7 11 13
 257 30 0 14 19.2857 12.6429 13.4286
 258 10 0 19 15.2632 13.1579 14.3684
 259 22 0 60 2.53333 16.4833 16.0833
 260 98 0 13 2.76923 14.3846 14
 261 10 0 2 7.5 14.5 13.5
 262 63 0 15 10.9333 16.0667 14
 263 83 0 1 18 16 13
 264 64 0 1 7 17 13
 265 59 0 34 11.9412 1.55882 15.5
 266 42 0 3 15.3333 1.66667 14.3333
 267 37 0 6 2.66667 3.66667 14.5
 268 19 0 33 6.63636 2.93939 15.8485
 269 73 0 38 8.78947 5.21053 16.3947
 270 41 0 45 3.4 6.13333 16.9556
 271 74 0 31 12.3226 6.06452 16.5161
 272 79 0 15 11 7.8 15.4667
 273 11 0 42 4.16667 8.85714 16.1429
 274 55 0 31 10.6129 14.7419 16.0645
 275 49 0 8 15.625 17.375 14.625
 276 64 0 1 1 18 14
 277 75 0 11 10.3636 18.6364 15.2727
 278 50 0 7 12 19 15.2857
 279 35 0 20 2.25 3.2 16.65
 280 27 0 23 14.0435 3.52174 17.1304
 281 99 0 1 18 3 15
 282 73 0 1 4 7 15
 283 28 0 12 14.1667 8.16667 15.5
 284 73 0 23 0.956522 7.3913 16.9565
 285 83 0 1 7 9 15
 286 47 0 1 19 10 15
 287 93 0 6 19.5 13.6667 15.3333
 288 85 0 16 8.4375 0 17.25
 289 38 0 26 14.8846 19.2692 17.5
 290 59 0 19 4.63158 19.8421 17.8421
 291 21 0 17 9.70588 10 16.8235
 292 22 0 10 13.6 8.4 17.1
 293 77 0 36 7.55556 14.1111 17.25
 294 60 0 11 13.6364 13.4545 16.3636
 295 75 0 1 8 16 16
 296 11 0 10 11.6 17.3 16.8
 297 81 0 8 14 16.875 17.125
 298 2 0 5 18.6 17.8 16.8
 299 72 0 20 18.55 19.2 18.1
 300 6 0 10 7 3.1 17.4
 301 76 0 1 16 2 17
 302 58 0 8 19.625 4.5 17.5
 303 59 0 1 18 4 17
 304 39 0 7 18 8 17.5714
 305 8 0 1 19 10 17
 306 8 0 8 16.25 13.75 18.375
 307 83 0 1 6 18 17
 308 73 0 3 6.33333 0.333333 18.6667
 309 82 0 1 7 2 18
 310 45 0 1 10 9 18
 311 70 0 1 0 14 18
 312 21 0 1 3 15 18
 313 15 0 6 8.66667 16 18.3333
 314 82 0 1 17 8 19
 315 12 0 1 1 15 19



--------------------------------------------------
Time = 2.160000 
ncluster = 256 
<N> = 31.25 
<R> = 2.78483 
id ivalue dvalue size cx cy cz
 1 97 0 95 19.4842 2.21053 18.2632
 2 3 0 29 1.13793 0.448276 1.62069
 3 69 0 22 4 0 1.27273
 4 55 0 33 5.12121 1.90909 18.697
 5 26 0 106 7.63208 0.849057 2.57547
 6 10 0 123 10.4309 18.3089 1.17886
 7 2 0 37 17.027 0.567568 0.189189
 8 78 0 18 9.88889 1.33333 18.7778
 9 9 0 86 5.2907 4.5814 0.953488
 10 34 0 28 11.5357 2.75 18.0714
 11 53 0 36 13.1667 3.30556 0.277778
 12 27 0 3 2 4 19.6667
 13 22 0 14 7.92857 3.57143 0.428571
 14 77 0 1 13 3 0
 15 26 0 96 15.0208 4.75 3
 16 95 0 20 18.3 2.75 1.75
 17 94 0 116 1.25 7.19828 0.922414
 18 77 0 15 9.86667 4.26667 19.0667
 19 30 0 54 2.51852 6.88889 2.09259
 20 37 0 47 7.91489 7.93617 1.91489
 21 16 0 10 9.3 5.2 1.2
 22 3 0 32 12.1875 6.75 0.59375
 23 29 0 156 15.0833 7.10897 18.4167
 24 49 0 3 4.33333 6.33333 0
 25 82 0 50 8.68 7.66 17.9
 26 20 0 33 11.1515 9.0303 1.39394
 27 41 0 57 3.57895 6.24561 17.1579
 28 28 0 43 5.5814 9.37209 0.674419
 29 88 0 20 0.65 9.85 1.5
 30 25 0 57 8.54386 10.7368 0.22807
 31 6 0 56 17.9107 10.5357 0.160714
 32 7 0 104 3.11538 12.7115 18.3269
 33 36 0 31 14.8387 11.9677 18.8387
 34 25 0 93 0.924731 11.2366 15.3118
 35 46 0 29 11.8276 13.6897 0.310345
 36 84 0 36 2 13.6944 0.416667
 37 21 0 14 5.14286 10.4286 18.3571
 38 58 0 17 5.11765 12.7059 1.05882
 39 87 0 1 9 12 0
 40 82 0 58 12.6034 15.0517 18.6207
 41 81 0 20 8.1 13.8 0
 42 2 0 74 2.02703 12.3243 3.56757
 43 100 0 300 17.3933 16 0.363333
 44 87 0 21 17.0476 14.0952 1.61905
 45 42 0 20 5.4 16.3 0
 46 39 0 34 9.47059 17.1471 19.1176
 47 42 0 15 19.2 14.8 1.8
 48 36 0 29 3.75862 16.4828 1.58621
 49 2 0 12 11.3333 17.0833 0.5
 50 50 0 34 15.9412 17.3824 18.8529
 51 29 0 3 1.66667 16.6667 0.666667
 52 24 0 21 7 18.2857 19.8095
 53 81 0 18 15.9444 1.16667 2.16667
 54 36 0 26 10.3462 3.5 2.65385
 55 47 0 29 0.0689655 3.72414 3
 56 9 0 1 17 7 1
 57 32 0 51 14.7647 11.098 3.60784
 58 99 0 39 13.7436 11.9487 2.48718
 59 68 0 8 10.625 12.5 2
 60 58 0 6 10.1667 16.6667 1.66667
 61 42 0 1 17 16 1
 62 84 0 37 11.5946 18.2973 3.43243
 63 63 0 7 9.85714 1.14286 3.14286
 64 17 0 7 3.14286 3.42857 2.42857
 65 62 0 67 10.1343 7.29851 4.43284
 66 18 0 34 18 6.41176 4.52941
 67 68 0 40 17.225 9.6 4.7
 68 55 0 1 3 10 2
 69 69 0 18 5.44444 12.3889 3
 70 71 0 46 18.7174 12.087 4.47826
 71 45 0 19 9.47368 12.4737 3.42105
 72 59 0 36 0.222222 15.7222 3.91667
 73 72 0 32 5.375 18.125 3.59375
 74 42 0 106 14.3113 18.9057 5.59434
 75 46 0 129 19.9302 0.317829 7.12403
 76 80 0 57 2.64912 2.17544 4.89474
 77 56 0 7 12.7143 2.57143 3.57143
 78 19 0 25 7.76 3.68 4.4
 79 2 0 25 2.48 4.8 4.56
 80 24 0 2 4 5 3.5
 81 1 0 41 13.6829 8.17073 5.21951
 82 17 0 1 1 7 3
 83 83 0 3 19.6667 8.66667 3.66667
 84 42 0 6 7.5 11.3333 4.16667
 85 93 0 7 5.14286 14.5714 3.85714
 86 87 0 66 8.9697 14 5.5303
 87 14 0 15 3.73333 19.8 5
 88 41 0 15 9.66667 19.9333 4.93333
 89 8 0 19 11.4737 1.68421 5.10526
 90 82 0 35 18.0857 3.6 6.05714
 91 48 0 37 6.62162 5.81081 5.75676
 92 52 0 13 2.76923 9.30769 4.46154
 93 86 0 14 5.85714 11.7857 4.85714
 94 53 0 15 2.6 16.8 4.86667
 95 49 0 36 12.75 14.1111 5.88889
 96 43 0 23 16.8696 16.3478 5
 97 48 0 78 10.2692 17.0641 7.51282
 98 78 0 31 13.2903 0.935484 7.29032
 99 46 0 6 6.16667 2.83333 5.83333
 100 16 0 123 12.9675 3.94309 7.8374
 101 71 0 22 9.95455 6.04545 6.54545
 102 40 0 3 3.66667 6.66667 5
 103 29 0 84 0.154762 7.34524 7.07143
 104 36 0 46 3.91304 9.65217 6.86957
 105 53 0 29 7 8.89655 6.55172
 106 6 0 14 0.571429 11.1429 6.28571
 107 61 0 1 10 10 5
 108 25 0 28 10.8214 10.75 6.85714
 109 86 0 46 14.3261 10.1739 7.1087
 110 38 0 44 1.52273 15.0455 6.88636
 111 35 0 14 4.78571 15.5714 5.85714
 112 36 0 51 18.3529 16.6078 7.03922
 113 14 0 2 6 17.5 5.5
 114 11 0 70 6.78571 17.1714 8.05714
 115 25 0 2 2 19.5 6.5
 116 37 0 15 4.66667 0.8 7.2
 117 46 0 5 6.4 19.4 6.8
 118 94 0 3 17.6667 1 6.66667
 119 81 0 75 4.30667 5.74667 8.22667
 120 60 0 17 2.35294 3.88235 7.05882
 121 60 0 11 16.4545 7.81818 7.36364
 122 66 0 98 4.7551 11.2959 8.83673
 123 97 0 61 17.0492 10.7705 8.85246
 124 52 0 7 5.14286 14.4286 7.14286
 125 82 0 13 15.2308 13.6154 7.38462
 126 69 0 1 17 14 6
 127 64 0 4 7.75 14.5 6.75
 128 81 0 3 6.33333 15.6667 6.66667
 129 14 0 27 10.3333 19.8889 8.51852
 130 53 0 13 15.0769 19.6923 8.53846
 131 82 0 47 6.42553 1.76596 8.82979
 132 52 0 36 9.16667 2.36111 9.22222
 133 91 0 6 7.33333 4 7.5
 134 92 0 81 17.8025 3.91358 9.81481
 135 23 0 43 9.69767 9.69767 9.55814
 136 63 0 49 2.61224 12.1633 9.34694
 137 75 0 40 11.95 11.15 10.4
 138 87 0 1 13 12 7
 139 99 0 16 19.125 13.0625 8.375
 140 37 0 42 15.3333 16.2381 9.42857
 141 50 0 90 17.6 18.7 10.8667
 142 25 0 22 2.95455 1.45455 9.77273
 143 76 0 1 15 1 8
 144 71 0 58 14.7241 4.12069 11.1034
 145 100 0 22 9.90909 6.45455 9.36364
 146 83 0 35 12.3714 7.17143 9.77143
 147 49 0 30 6 9.03333 9.63333
 148 43 0 75 11.3867 13.5333 11.7467
 149 60 0 33 3.69697 16.0303 9.06061
 150 16 0 1 15 16 8
 151 18 0 128 7.04688 17.2969 11.7031
 152 74 0 15 14.3333 0.133333 10.8
 153 47 0 8 14.875 2.5 10.125
 154 94 0 108 5.06481 4.02778 11.7778
 155 85 0 7 8.42857 5.42857 10.1429
 156 14 0 7 8.14286 7.42857 9.42857
 157 96 0 42 18.3095 7.83333 10.881
 158 15 0 14 16.1429 13.3571 9.78571
 159 74 0 30 13.8 12.8667 10.7
 160 53 0 4 0.5 13.5 9.5
 161 4 0 53 1.64151 17.4717 10.7736
 162 67 0 1 19 18 9
 163 4 0 19 12.1053 1.21053 10.7368
 164 90 0 28 0.5 5.92857 11.25
 165 93 0 1 17 4 10
 166 54 0 9 7 6.77778 11.1111
 167 87 0 40 14.025 8.425 11.275
 168 20 0 1 15 7 10
 169 71 0 1 11 10 10
 170 65 0 15 6.73333 11.8667 11.4
 171 40 0 40 19.35 13.6 11.075
 172 28 0 25 4.28 14.6 10.96
 173 92 0 10 8.3 13.5 11.2
 174 40 0 1 6 15 10
 175 8 0 26 11.7692 17.6538 11.1154
 176 95 0 5 2 19.6 11.6
 177 79 0 7 10 19 11.7143
 178 9 0 48 8.70833 0.666667 13.4583
 179 18 0 8 1.625 2.125 11.625
 180 39 0 44 2.93182 0.522727 13.3409
 181 22 0 1 9 2 11
 182 86 0 2 9 3 11.5
 183 27 0 39 9.17949 5.64103 12.7179
 184 8 0 28 4.64286 8.82143 11.8929
 185 13 0 63 8.38095 9.26984 13.1111
 186 33 0 30 16.2667 10.7 12.7667
 187 84 0 7 18.8571 11 11.2857
 188 26 0 16 3.25 12.875 12.25
 189 54 0 69 13.971 16.0435 13.4638
 190 58 0 32 12.6875 19.4688 13.5938
 191 55 0 4 19.75 1.25 12.5
 192 80 0 6 11.3333 1.5 12.6667
 193 36 0 36 19.5833 3.11111 13.4722
 194 46 0 44 12.0909 4.43182 13.6136
 195 5 0 4 8 3.5 12.5
 196 51 0 43 16.6047 3.55814 14.2326
 197 12 0 30 18.2333 7.03333 14.8
 198 88 0 6 14.6667 5.5 13
 199 78 0 22 15.7727 7 14.1364
 200 23 0 53 0.377358 8.58491 13.2453
 201 80 0 33 12.9394 9.36364 14.5152
 202 25 0 12 13.8333 10.8333 13.1667
 203 1 0 51 6 12.0588 13.8039
 204 92 0 2 0.5 15.5 12
 205 46 0 64 17.1719 15.9375 14.8281
 206 53 0 11 19.9091 18.8182 13.2727
 207 31 0 65 16.4154 19.5385 15.0462
 208 3 0 16 0.0625 0.5625 14.625
 209 99 0 29 1.34483 5.58621 14.5172
 210 75 0 20 5.85 7.2 13.95
 211 32 0 38 10.2105 11.7368 14.8158
 212 30 0 9 19.2222 12.5556 13.4444
 213 10 0 15 15.4 13.1333 14.4667
 214 98 0 1 3 14 13
 215 6 0 179 4.94972 16.1117 15.933
 216 22 0 63 2.52381 16.4127 15.9841
 217 8 0 1 2 16 13
 218 63 0 11 11 16 14.0909
 219 28 0 2 5.5 19 13
 220 43 0 16 4.25 19.75 14.75
 221 2 0 22 6.27273 1.72727 15.2273
 222 59 0 40 11.8 1.6 15.55
 223 76 0 1 15 2 14
 224 37 0 6 2.5 3.66667 14.5
 225 19 0 10 8.6 2.5 15.9
 226 84 0 20 7.35 4.8 15
 227 74 0 35 12.4571 6.25714 16.4
 228 79 0 14 10.9286 7.92857 15.3571
 229 11 0 44 4.22727 8.72727 16.0455
 230 67 0 48 16.7292 10.6042 16.2708
 231 36 0 26 6.57692 18.6154 15
 232 75 0 9 10.7778 18.4444 15.3333
 233 19 0 15 4.8 3.4 15.7333
 234 35 0 24 2.16667 3.125 16.8333
 235 73 0 37 8.72973 5.24324 16.4865
 236 28 0 8 14.5 8.625 15.625
 237 98 0 1 0 9 15
 238 9 0 1 0 13 15
 239 77 0 35 7.37143 14.2 17.2
 240 55 0 32 10.6875 15 16.3125
 241 85 0 20 8.35 0.1 17
 242 38 0 22 14.6818 19.4091 17.5455
 243 27 0 20 14 3.4 17.2
 244 73 0 14 0.714286 7.14286 16.7857
 245 21 0 11 9.90909 10.0909 16.9091
 246 22 0 5 13.8 8.6 17
 247 42 0 27 11.4815 12.1481 17.4444
 248 60 0 6 13.5 13.1667 16.5
 249 81 0 3 14.3333 16.3333 16.6667
 250 72 0 20 18.35 19.2 17.9
 251 59 0 19 4.84211 19.7368 18.0526
 252 6 0 10 7.2 3.1 17.5
 253 58 0 4 19.25 4.5 17.5
 254 39 0 6 17.8333 7.83333 17.6667
 255 8 0 4 16.25 13.5 18.25
 256 11 0 6 11.5 17.8333 17.3333



--------------------------------------------------
Time = 2.790000 
ncluster = 206 
<N> = 38.835 
<R> = 3.01827 
id ivalue dvalue size cx cy cz
 1 97 0 103 19.5243 2.30097 18.2816
 2 3 0 21 0.904762 0.714286 1.66667
 3 69 0 23 3.91304 19.7826 1.13043
 4 26 0 118 7.58475 0.872881 2.71186
 5 10 0 83 12.6024 0.0120482 19.8193
 6 2 0 38 17.0789 0.605263 0.157895
 7 55 0 40 4.975 1.975 18.35
 8 78 0 23 9.69565 1.56522 18.6957
 9 9 0 97 5.29897 4.46392 1.01031
 10 34 0 25 11.48 2.96 18.16
 11 53 0 38 13.2105 3.47368 0.184211
 12 22 0 8 8 3.5 0
 13 94 0 92 19.7609 6.77174 0.141304
 14 30 0 63 2.60317 7 1.95238
 15 77 0 12 9.91667 4.5 19.25
 16 26 0 103 15.0971 4.87379 2.96117
 17 37 0 50 7.76 7.98 2
 18 16 0 8 9.25 5.375 1.125
 19 29 0 181 15.011 7.1547 18.2707
 20 41 0 61 3.5082 6.22951 17.1475
 21 82 0 59 8.72881 7.71186 17.9153
 22 3 0 34 12.0588 6.97059 0.441176
 23 28 0 44 5.36364 9.59091 0.727273
 24 88 0 22 0.681818 9.95455 1.5
 25 25 0 97 9.36082 10.8144 2.58763
 26 6 0 60 17.9 10.8167 0.3
 27 7 0 109 3.26606 12.6697 18.2661
 28 36 0 32 14.5312 12.0312 18.5938
 29 25 0 103 0.893204 11.1456 15.0097
 30 84 0 34 1.85294 13.7353 0.558824
 31 81 0 22 8.13636 13.6364 19.9091
 32 82 0 47 12.4894 14.9149 18.4681
 33 46 0 29 11.7931 13.6207 0.413793
 34 58 0 10 5.1 13.1 1.1
 35 100 0 354 17.2684 15.9633 0.319209
 36 87 0 18 17.0556 14.3333 1.72222
 37 42 0 22 5.40909 16.4545 0
 38 39 0 38 9.71053 16.8947 19.1579
 39 36 0 31 3.80645 16.1613 1.90323
 40 10 0 57 7.61404 16 2.57895
 41 50 0 37 15.4324 17.6216 18.9459
 42 42 0 7 19.2857 14.7143 1.57143
 43 24 0 20 6.95 18.2 19.7
 44 2 0 4 10.25 17.5 0.5
 45 36 0 29 10.3103 3.24138 2.48276
 46 81 0 12 16.0833 1.5 2.08333
 47 95 0 16 18.375 2.5 2.125
 48 47 0 23 0.217391 3.86957 2.73913
 49 20 0 27 11.1481 9.7037 1.92593
 50 32 0 43 14.7209 11.0698 3.88372
 51 99 0 39 13.8462 11.9231 2.61538
 52 2 0 80 2.3625 12.4375 3.775
 53 63 0 1 1 16 1
 54 84 0 38 11.2895 18.3947 3.26316
 55 42 0 118 14.322 19.0169 5.51695
 56 80 0 63 2.87302 2.12698 4.5873
 57 2 0 34 2.35294 4.76471 4.58824
 58 62 0 64 10.4219 7.28125 4.35938
 59 18 0 27 18.1111 6.48148 4.44444
 60 94 0 29 4.7931 8.68966 3.24138
 61 68 0 55 17.1273 9.49091 4.6
 62 69 0 18 5.83333 12.5 3.16667
 63 93 0 1 11 12 2
 64 45 0 17 9.17647 12.6471 3.11765
 65 71 0 52 18.5769 12.3462 4.44231
 66 59 0 28 0.25 15.75 3.82143
 67 61 0 1 11 17 2
 68 72 0 28 5.28571 18.2857 3.75
 69 13 0 1 9 18 2
 70 46 0 143 0.0559441 0.51049 7.29371
 71 41 0 13 9.53846 0 4.61538
 72 56 0 4 12.75 2.75 3.5
 73 19 0 29 7.82759 3.75862 4.41379
 74 94 0 1 5 14 3
 75 87 0 68 8.67647 13.8824 5.48529
 76 43 0 21 17.1905 16.2857 4.66667
 77 14 0 10 3.7 19.6 5.1
 78 8 0 21 11.4762 1.7619 5.09524
 79 82 0 38 18.0789 3.5 5.84211
 80 48 0 39 6.53846 5.84615 5.74359
 81 1 0 30 13.5 8 5.4
 82 6 0 13 0.538462 10.9231 6.07692
 83 52 0 9 2.66667 9.22222 4.55556
 84 7 0 1 6 11 4
 85 53 0 15 2.86667 16.7333 4.73333
 86 35 0 18 5.11111 15.6667 5.61111
 87 48 0 84 10.2976 17 7.2619
 88 78 0 24 13.3333 0.875 7.20833
 89 81 0 93 4.36559 5.6129 8.06452
 90 16 0 143 13.1469 3.76923 7.78322
 91 71 0 18 9.77778 5.77778 6.33333
 92 29 0 87 0.218391 7.37931 7
 93 36 0 48 3.8125 9.72917 6.8125
 94 53 0 30 7.03333 9.1 6.43333
 95 86 0 50 14.36 10.16 7.16
 96 66 0 105 5.13333 11.4667 8.8381
 97 49 0 37 12.8108 13.5676 6.08108
 98 38 0 49 1.67347 15.1633 7.06122
 99 36 0 55 18.3455 16.4727 7.10909
 100 37 0 15 4.73333 0.8 7.2
 101 46 0 2 7.5 3 6.5
 102 60 0 6 2 3.83333 6.83333
 103 6 0 1 6 11 6
 104 37 0 1 8 15 6
 105 11 0 78 6.58974 17.1667 7.97436
 106 14 0 28 10.2857 0 8.35714
 107 82 0 43 6.46512 1.51163 8.65116
 108 52 0 38 9 2.86842 9.52632
 109 92 0 94 17.6809 4.18085 9.88298
 110 60 0 4 16.5 7.5 7
 111 23 0 46 9.63043 9.41304 9.5
 112 97 0 71 16.8732 10.3944 9.09859
 113 63 0 53 2.58491 12.2264 9.28302
 114 99 0 20 19.15 12.95 8.35
 115 82 0 7 15.2857 13.5714 7.57143
 116 37 0 50 15.34 15.96 9.32
 117 53 0 6 15.3333 0 8.5
 118 100 0 26 9.57692 6.26923 9.30769
 119 71 0 55 14.5455 3.67273 11.4727
 120 83 0 38 12.1842 7.34211 9.97368
 121 49 0 32 6.34375 9.09375 9.84375
 122 75 0 38 12 11.1053 10.5
 123 43 0 85 11.3412 13.4 11.7176
 124 60 0 29 3.86207 15.931 9.06897
 125 48 0 1 5 15 8
 126 18 0 139 7.23022 17.2374 11.8633
 127 50 0 99 17.6364 18.6364 11.0909
 128 25 0 21 2.80952 1.09524 10.3333
 129 4 0 19 12.1053 1.10526 10.7368
 130 94 0 119 5.14286 3.95798 11.7227
 131 54 0 3 7.33333 6.66667 10
 132 96 0 46 18 7.63043 11.0217
 133 74 0 32 14 12.8125 10.5625
 134 15 0 6 16.1667 13.5 9.5
 135 4 0 55 1.65455 17.4727 10.7818
 136 74 0 11 14.2727 0.181818 10.4545
 137 88 0 1 16 2 10
 138 90 0 30 0.733333 5.73333 11.3
 139 87 0 37 14.027 8.56757 11.4595
 140 40 0 44 19.4091 13.4318 11.2045
 141 28 0 21 4.7619 14.5238 10.8571
 142 8 0 30 11.6333 17.7667 11.0333
 143 9 0 59 8.88136 0.644068 13.3898
 144 39 0 51 2.70588 0.764706 13.3333
 145 33 0 1 14 3 11
 146 27 0 45 9.02222 5.71111 12.7556
 147 8 0 24 4.58333 8.79167 11.875
 148 13 0 65 8.38462 9.26154 13.2
 149 23 0 59 0.423729 8.47458 13.1864
 150 65 0 9 7.11111 11.7778 11.6667
 151 33 0 30 16.1 11.0333 12.9333
 152 26 0 15 3.33333 13.0667 12
 153 92 0 3 8 13.3333 11.3333
 154 54 0 77 13.8442 16.0519 13.5195
 155 15 0 1 9 0 12
 156 58 0 32 12.625 19.4375 13.4062
 157 36 0 44 19.7045 2.84091 13.6136
 158 46 0 50 12.04 4.48 13.68
 159 15 0 1 9 3 12
 160 83 0 1 7 4 12
 161 69 0 1 15 6 12
 162 75 0 16 6.0625 7.0625 13.875
 163 80 0 43 13.093 9.4186 14.7209
 164 1 0 52 5.82692 12.0577 13.6923
 165 99 0 1 19 11 12
 166 6 0 183 4.69399 16.3934 15.8415
 167 46 0 64 17.1719 16 14.875
 168 62 0 1 10 18 12
 169 31 0 75 16.5733 19.5733 15.2933
 170 59 0 44 12 1.68182 15.3864
 171 51 0 42 16.5238 3.69048 14.2143
 172 99 0 34 1.23529 5.64706 14.8235
 173 78 0 14 15.5 7.21429 14.0714
 174 12 0 24 18.2917 7.08333 14.9167
 175 32 0 47 9.97872 11.8298 15.1489
 176 10 0 12 15.3333 13.1667 14.5
 177 22 0 73 2.42466 16.2055 15.863
 178 63 0 3 11 16 13.6667
 179 53 0 6 0.666667 18.5 13.5
 180 43 0 15 4.4 19.9333 14.8667
 181 3 0 5 0.2 1 14.8
 182 2 0 16 6.375 1.75 15
 183 84 0 17 7.23529 4.76471 15.0588
 184 74 0 38 12.4737 6.28947 16.3158
 185 79 0 15 10.8667 8.13333 15.3333
 186 11 0 50 4.22 8.76 16.24
 187 67 0 52 16.6154 10.3462 16.1346
 188 55 0 29 10.931 15.2759 16.1034
 189 36 0 21 6.47619 18.9048 15.1429
 190 19 0 29 6.58621 2.89655 16.1724
 191 35 0 20 2.35 3.1 16.6
 192 73 0 33 8.24242 5.36364 16.6667
 193 7 0 1 0 13 15
 194 77 0 33 7.60606 14.2424 17.1212
 195 75 0 10 11 18.5 15.8
 196 85 0 22 8.40909 0.0909091 17.0909
 197 27 0 13 14.0769 3.07692 17
 198 71 0 1 15 9 16
 199 42 0 27 11.2222 12.0741 17.3333
 200 38 0 13 14.3077 19.6154 17.3077
 201 59 0 15 4.86667 19.5333 18
 202 72 0 13 18.3846 19.1538 17.8462
 203 73 0 2 0.5 7 17
 204 21 0 8 5.375 10.375 18.25
 205 64 0 1 14 14 17
 206 39 0 2 17.5 8 18



--------------------------------------------------
Time = 3.600000 
ncluster = 171 
<N> = 46.7836 
<R> = 3.22454 
id ivalue dvalue size cx cy cz
 1 97 0 115 19.5826 2.28696 18.3478
 2 3 0 16 1.0625 0.75 1.6875
 3 69 0 26 3.84615 19.3846 0.846154
 4 55 0 53 5.01887 1.79245 18.1321
 5 26 0 148 7.87838 1.06081 2.51351
 6 10 0 177 10.9153 18.5367 0.740113
 7 2 0 35 17 0.685714 0.257143
 8 78 0 15 9.26667 1.86667 18.6667
 9 9 0 93 5.26882 4.43011 0.784946
 10 25 0 1 8 3 0
 11 34 0 32 11.625 3.3125 18.0938
 12 53 0 35 13.0286 3.62857 0.142857
 13 26 0 119 15.3025 4.84874 2.86555
 14 94 0 99 19.8889 6.88889 19.8384
 15 77 0 4 9.25 4.5 19.5
 16 30 0 60 2.41667 7.25 2.2
 17 82 0 71 8.80282 7.61972 18.0563
 18 3 0 28 11.9643 6.85714 0.5
 19 29 0 203 15.0148 7.20197 18.3103
 20 41 0 67 3.70149 6.0597 17.1045
 21 37 0 48 7.6875 8.47917 2.58333
 22 28 0 45 5.37778 9.6 0.6
 23 25 0 109 9.46789 10.9633 2.6789
 24 6 0 63 17.9683 10.8571 0.333333
 25 88 0 16 0.9375 10.0625 1.5
 26 7 0 124 3.41935 12.5887 18.5242
 27 46 0 28 11.3571 13.1786 0.714286
 28 36 0 23 14.5217 12.087 18.3913
 29 84 0 18 2 14.3333 0.277778
 30 2 0 111 2.36036 12.6036 3.51351
 31 81 0 20 8 13.75 0
 32 100 0 409 17.1883 16.0244 0.454768
 33 42 0 21 5.47619 16.381 0
 34 39 0 40 9.8 16.825 19.2
 35 82 0 38 12.6842 14.7895 18.2895
 36 36 0 25 3.88 16.04 2
 37 50 0 26 15.5385 17.3846 18.8846
 38 24 0 21 6.61905 18.2857 19.619
 39 81 0 3 15.3333 1.66667 1.33333
 40 95 0 10 18.4 2.3 2.1
 41 36 0 17 10.4706 3.35294 2.82353
 42 47 0 25 0.12 4 2.88
 43 20 0 26 11.2692 9.65385 2
 44 32 0 19 13.7895 9.15789 2.78947
 45 99 0 42 14 12.0476 2.5
 46 69 0 17 6.17647 12.5294 2.52941
 47 87 0 5 17.2 13.8 1.8
 48 42 0 138 14.4638 18.9783 5.58696
 49 80 0 79 3.07595 2.29114 4.29114
 50 19 0 29 7.7931 3.86207 4.34483
 51 62 0 75 10.4533 7.09333 4.37333
 52 94 0 36 4.63889 8.55556 3.61111
 53 68 0 61 17.0984 9.45902 4.59016
 54 71 0 55 18.5273 12.4 4.36364
 55 66 0 2 18.5 15.5 2
 56 84 0 27 11 18.2963 3.2963
 57 72 0 32 5.125 18.2812 4
 58 46 0 156 0.378205 0.544872 7.34615
 59 41 0 4 9.5 0.75 4.25
 60 8 0 27 11.5185 1.88889 4.96296
 61 2 0 29 2.2069 4.93103 4.72414
 62 18 0 19 18.1579 6.47368 4.73684
 63 87 0 67 8.47761 13.8358 5.58209
 64 59 0 24 0.125 15.9167 3.95833
 65 82 0 34 18 3.5 5.76471
 66 48 0 35 6.8 5.82857 5.57143
 67 1 0 22 13.5909 7.95455 5.27273
 68 29 0 95 0.263158 7.74737 6.87368
 69 66 0 112 4.91964 11.4196 8.79464
 70 92 0 1 9 13 4
 71 32 0 17 15.5882 13.2353 5.29412
 72 53 0 17 3.52941 16.2941 4.64706
 73 43 0 13 17.1538 16 4.84615
 74 48 0 92 10.2174 17.0652 7.17391
 75 78 0 14 13.2143 0.642857 7.07143
 76 16 0 163 13.2883 3.71779 7.79141
 77 53 0 30 7.06667 9.03333 6.4
 78 36 0 41 3.63415 9.58537 6.63415
 79 49 0 1 4 9 5
 80 86 0 56 14.2679 10.3036 7.125
 81 49 0 38 12.7632 13.6053 6.28947
 82 38 0 57 1.94737 15.2281 7.05263
 83 36 0 56 18.3571 16.3214 7.05357
 84 14 0 2 3 19 5.5
 85 11 0 90 6.34444 17.1667 7.96667
 86 37 0 10 5 0.6 7.1
 87 14 0 30 10.4333 0 8.4
 88 81 0 107 4.2243 5.45794 8.05607
 89 71 0 7 9.71429 5.42857 6.57143
 90 82 0 36 6.66667 1.44444 8.58333
 91 52 0 44 9.06818 2.70455 9.47727
 92 92 0 101 17.6337 4.41584 9.72277
 93 100 0 27 9.37037 6.33333 8.92593
 94 97 0 76 16.9211 10.5 9.06579
 95 23 0 47 9.68085 9.3617 9.48936
 96 99 0 18 19.1111 13.1111 8.05556
 97 63 0 59 2.59322 12.3051 9.40678
 98 37 0 47 15.4255 15.6809 9.46809
 99 35 0 1 4 16 7
 100 83 0 35 12.2571 7.22857 10.2
 101 49 0 34 6.41176 9.32353 9.85294
 102 75 0 31 12 11.2258 10.2258
 103 43 0 93 11.2581 13.5376 11.7634
 104 74 0 32 14.0625 12.9062 10.25
 105 40 0 1 16 13 8
 106 60 0 18 3.83333 15.8333 9.16667
 107 50 0 116 17.4741 18.6897 11.0603
 108 18 0 146 7.27397 17.3356 12.0753
 109 25 0 9 3.55556 1.55556 9.88889
 110 94 0 142 5.15493 4.04225 11.6761
 111 71 0 54 14.4259 3.55556 11.7407
 112 96 0 39 17.7436 7.5641 11.2308
 113 4 0 57 1.78947 17.3158 10.8772
 114 4 0 18 12.1111 1.05556 10.7222
 115 74 0 6 14.3333 0.166667 10.3333
 116 90 0 25 0.52 6.08 11.36
 117 87 0 38 14.1579 8.65789 11.5526
 118 40 0 41 19.5122 13.7317 11.0244
 119 28 0 21 4.90476 14.2857 10.9048
 120 10 0 1 17 13 10
 121 8 0 25 11.8 17.68 10.96
 122 9 0 56 9.16071 0.785714 13.375
 123 39 0 63 2.46032 0.619048 13.381
 124 27 0 49 8.91837 5.87755 12.7755
 125 8 0 25 4.52 9.08 12.04
 126 13 0 64 8.51562 9.375 13.1562
 127 23 0 60 0.366667 8.5 13.05
 128 33 0 40 16.325 11.325 12.775
 129 1 0 54 5.87037 11.8704 13.5185
 130 65 0 3 7.33333 12 11.3333
 131 54 0 89 13.8539 16.1348 13.8427
 132 58 0 30 12.6333 19.4667 13.3333
 133 36 0 50 19.8 2.84 13.62
 134 46 0 57 12.0351 4.61404 13.7193
 135 80 0 52 12.9615 9.65385 14.6731
 136 25 0 106 0.877358 11.0755 14.8679
 137 26 0 5 3.2 13.6 12.4
 138 6 0 195 4.72308 16.5897 15.7846
 139 31 0 80 16.6125 19.5625 15.5
 140 59 0 52 12.0962 1.63462 15.5577
 141 51 0 41 16.439 3.70732 14.2195
 142 99 0 28 1.32143 5.57143 14.5714
 143 78 0 10 15.5 7.4 14.2
 144 12 0 21 18.0476 6.95238 14.7619
 145 75 0 13 6.15385 6.92308 14.1538
 146 32 0 47 9.89362 11.7872 15.0851
 147 22 0 78 2.53846 16.2692 15.9872
 148 46 0 57 17.1754 15.9649 14.9298
 149 36 0 16 6.25 19.375 14.9375
 150 43 0 7 4.57143 0.285714 14.8571
 151 2 0 15 6.4 1.73333 15
 152 84 0 14 7 4.5 15
 153 79 0 11 10.8182 7.90909 15.0909
 154 11 0 54 4.35185 8.96296 16.2963
 155 67 0 52 16.4615 10.4808 16.0577
 156 13 0 1 15 12 14
 157 12 0 1 16 14 14
 158 35 0 17 2.35294 3 16.1765
 159 19 0 4 4.75 3.5 15.5
 160 19 0 13 8.15385 2.53846 16.5385
 161 74 0 32 12.3125 6.4375 16.5625
 162 77 0 31 7.77419 14.2903 17.0968
 163 55 0 25 10.84 15.28 16.08
 164 75 0 4 11.25 18.25 16
 165 85 0 23 8.73913 0 17.0435
 166 27 0 2 14.5 2.5 16
 167 73 0 37 8.40541 5.10811 17.0811
 168 42 0 28 11.1786 12.25 17.4643
 169 72 0 2 19 19.5 17
 170 86 0 1 14 0 18
 171 75 0 1 6 19 18



--------------------------------------------------
Time = 4.650000 
ncluster = 143 
<N> = 55.9441 
<R> = 3.44994 
id ivalue dvalue size cx cy cz
 1 97 0 129 19.7519 2.3876 18.3876
 2 69 0 30 3.7 19.4667 0.8
 3 26 0 305 11.0656 2.64918 2.67213
 4 10 0 134 12.6791 0.0746269 19.4403
 5 2 0 29 17 0.655172 0.275862
 6 55 0 68 5.22059 1.80882 17.7206
 7 9 0 87 5.12644 4.47126 0.850575
 8 34 0 35 11.1714 3.31429 18.2
 9 53 0 23 12.6957 4.13043 0.521739
 10 94 0 96 0.0208333 7.08333 19.7604
 11 82 0 77 8.87013 7.66234 18.0649
 12 73 0 45 8.4 4.71111 17.1556
 13 29 0 246 15.0081 7.28049 18.2561
 14 30 0 68 2.44118 7.5 2.20588
 15 3 0 25 12.12 7.04 0.56
 16 28 0 43 5.37209 9.23256 0.348837
 17 37 0 45 7.75556 8.46667 2.73333
 18 25 0 119 9.51261 11.042 2.83193
 19 6 0 69 17.9855 11.0725 0.347826
 20 88 0 10 1 10 1
 21 7 0 128 3.54688 12.625 18.5469
 22 2 0 127 2.55906 12.5669 3.48031
 23 46 0 22 11.2727 13 0.409091
 24 36 0 20 14.45 12.2 18.65
 25 100 0 456 17.2719 15.989 0.45614
 26 84 0 5 2.2 14.2 0.4
 27 81 0 18 8 13.8889 19.8889
 28 42 0 16 5.75 16.5 19.875
 29 39 0 46 9.76087 16.8478 19.2609
 30 82 0 39 13.0256 14.7179 18.0513
 31 22 0 81 2.66667 16.3827 16.0988
 32 10 0 69 7.69565 16.0435 2.44928
 33 50 0 19 15.2105 17.2105 18.6842
 34 41 0 1 18 17 0
 35 24 0 14 6.21429 18.5 19.3571
 36 47 0 39 19.8718 4.12821 2.97436
 37 62 0 91 10.4396 6.91209 4.3956
 38 20 0 23 11.3043 9.6087 1.95652
 39 69 0 18 6.16667 12.5 2.27778
 40 99 0 35 14.0857 12.1143 2.54286
 41 36 0 21 3.90476 15.9524 2
 42 40 0 1 2 19 1
 43 42 0 166 14.4277 18.9639 5.45181
 44 80 0 80 3.2375 2.2125 4.3875
 45 46 0 187 0.524064 0.641711 7.29412
 46 50 0 1 1 2 2
 47 36 0 9 10 3.55556 2.88889
 48 94 0 32 4.78125 8.6875 3.75
 49 32 0 10 13.5 9.2 3.3
 50 68 0 58 16.931 9.34483 4.37931
 51 59 0 22 0.227273 15.9545 3.95455
 52 72 0 29 4.96552 18.1034 4.06897
 53 84 0 13 10.6923 17.8462 3.23077
 54 8 0 26 11.5769 1.96154 4.84615
 55 19 0 23 7.6087 3.69565 4.43478
 56 2 0 22 2.40909 5.22727 4.45455
 57 71 0 58 18.5172 12.3448 4.60345
 58 87 0 69 8.46377 13.7101 5.57971
 59 82 0 27 18.0741 3.74074 5.59259
 60 48 0 36 6.86111 5.86111 5.44444
 61 18 0 3 17.6667 7 4.66667
 62 29 0 102 0.156863 7.59804 6.77451
 63 1 0 14 13.7143 7.92857 5.21429
 64 32 0 12 15.5 13.5 5.16667
 65 53 0 8 3.125 16.625 4.375
 66 48 0 102 10.3137 16.9706 7.2549
 67 16 0 191 13.2408 3.63351 7.83246
 68 53 0 32 7.125 9.03125 6.5625
 69 36 0 35 3.65714 9.48571 6.45714
 70 86 0 57 14.2807 10.3333 6.98246
 71 49 0 36 12.8333 13.4444 6.47222
 72 38 0 58 2.05172 15.2931 7.05172
 73 36 0 56 18.3393 16 6.92857
 74 11 0 94 6.02128 17.0532 7.7766
 75 14 0 32 10.2812 0.03125 8.3125
 76 81 0 107 4.34579 5.51402 7.97196
 77 66 0 121 4.76033 11.3058 8.91736
 78 82 0 31 6.48387 1.22581 8.41935
 79 52 0 43 9 2.95349 9.09302
 80 92 0 100 17.6 4.36 9.62
 81 100 0 22 9.18182 6.36364 8.77273
 82 97 0 90 17.0778 10.4889 8.93333
 83 63 0 59 2.54237 12.4068 9.32203
 84 99 0 7 19.4286 13.4286 8.14286
 85 83 0 37 12.2162 7.48649 9.91892
 86 23 0 39 9.69231 9.35897 9.46154
 87 49 0 28 6.5 9.10714 9.92857
 88 75 0 30 12 11.2 10.2
 89 43 0 92 11.2065 13.3913 11.75
 90 74 0 26 13.9615 12.7692 10.2308
 91 37 0 47 15.5106 15.2553 9.51064
 92 50 0 132 17.197 18.7424 11.1591
 93 18 0 168 7.36905 17.3393 12.1488
 94 4 0 16 12.0625 0.875 10.6875
 95 94 0 163 5.15951 3.99387 11.865
 96 40 0 39 19.3846 13.5897 10.8974
 97 60 0 8 4 15.75 9.125
 98 4 0 70 1.78571 16.9857 10.9286
 99 25 0 2 4 1 10.5
 100 90 0 20 0.4 6.1 11.05
 101 71 0 47 14.5319 3.08511 12.1064
 102 96 0 34 17.3824 7.17647 11.3824
 103 87 0 42 14.4048 8.35714 11.8333
 104 28 0 17 4.76471 14.2353 10.8824
 105 8 0 14 12.1429 18.1429 10.7143
 106 9 0 63 9.22222 0.904762 13.2222
 107 39 0 55 2.67273 0.709091 13.4545
 108 27 0 50 8.92 6.04 12.72
 109 46 0 65 12.1385 4.66154 13.5385
 110 23 0 72 0.444444 8.34722 12.9722
 111 8 0 22 4.54545 9.04545 11.9545
 112 13 0 69 8.63768 9.49275 12.9855
 113 1 0 55 5.87273 11.8545 13.1455
 114 33 0 39 16.2051 11.5641 12.6923
 115 54 0 91 13.9121 15.9341 13.7253
 116 58 0 28 12.5 19.3214 13.4286
 117 36 0 53 19.7547 2.86792 13.5849
 118 80 0 56 13.0714 9.94643 14.7143
 119 25 0 105 0.847619 11.0857 14.8476
 120 6 0 213 4.86854 16.6385 15.6901
 121 51 0 31 16.4839 3.58065 14.2903
 122 99 0 26 1.19231 5.57692 14.6923
 123 12 0 14 18.1429 6.64286 14.5
 124 75 0 10 6.3 6.6 14.3
 125 46 0 41 17.5122 16.1463 14.6098
 126 31 0 87 16.6782 19.4713 15.8046
 127 2 0 12 6.25 1.58333 14.9167
 128 59 0 58 12.2414 1.68966 15.7414
 129 84 0 5 7.2 4.6 14.8
 130 79 0 11 10.8182 7.90909 15.0909
 131 11 0 57 4.50877 8.94737 16.0702
 132 67 0 47 16.4255 10.2553 15.766
 133 32 0 38 9.73684 11.7632 15.2632
 134 36 0 3 6.66667 19.6667 15.3333
 135 35 0 6 2.83333 2.83333 15.6667
 136 41 0 68 3.70588 5.79412 16.8971
 137 74 0 24 11.9583 6.29167 16.5
 138 77 0 23 7.82609 14.1739 17.0435
 139 55 0 22 10.8636 15.3182 16.0455
 140 85 0 23 8.6087 0.347826 17.1304
 141 19 0 2 7.5 2.5 16
 142 42 0 32 10.75 12.5 17.5938
 143 100 0 1 8 2 19



--------------------------------------------------
Time = 6.000000 
ncluster = 121 
<N> = 66.1157 
<R> = 3.60493 
id ivalue dvalue size cx cy cz
 1 97 0 149 19.6443 2.3557 18.5369
 2 69 0 36 3.69444 18.9444 0.722222
 3 55 0 84 5.27381 1.64286 17.5833
 4 26 0 361 11.1967 2.72853 2.74792
 5 10 0 147 12.7279 0 19.2245
 6 2 0 17 16.6471 0.235294 0.0588235
 7 9 0 96 5.3125 4.6875 0.916667
 8 34 0 27 11.3333 3.51852 18.4444
 9 53 0 8 12.625 4.5 0.375
 10 29 0 286 14.8217 7.4021 18.3566
 11 94 0 96 0.0625 7.13542 19.8021
 12 82 0 97 9.10309 7.72165 18.2165
 13 3 0 9 11.7778 6.44444 0.333333
 14 30 0 63 2.46032 7.34921 2.2381
 15 28 0 45 5.33333 9.33333 0.511111
 16 25 0 142 9.30986 11.162 2.77465
 17 6 0 70 18.0286 10.9571 0.214286
 18 7 0 153 3.66667 12.902 18.6601
 19 2 0 157 2.76433 12.3949 3.63694
 20 46 0 18 11.5556 12.8333 0.166667
 21 36 0 8 14.625 11.625 18.625
 22 100 0 534 17.2566 15.9382 0.322097
 23 81 0 6 7.66667 14.1667 19.5
 24 10 0 94 7.67021 15.8936 2.38298
 25 39 0 46 9.45652 16.587 19.2826
 26 22 0 57 2.15789 16.0175 15.807
 27 42 0 3 5.33333 16.6667 19.6667
 28 50 0 7 15.5714 17.4286 19.4286
 29 24 0 7 6.14286 18.1429 19.7143
 30 62 0 118 10.6441 6.99153 4.39831
 31 37 0 25 7.84 8.28 2.6
 32 99 0 32 14.0938 11.7188 2.75
 33 36 0 6 4.5 16.3333 2
 34 42 0 171 14.386 19.1462 5.33333
 35 80 0 84 3.44048 2.11905 4.20238
 36 47 0 32 0.0625 4.1875 3.0625
 37 68 0 53 16.7358 9.28302 4.28302
 38 20 0 5 11.4 10 2.6
 39 69 0 4 6.25 12.5 2.25
 40 46 0 210 0.419048 0.761905 7.22857
 41 8 0 14 11.1429 2.21429 4.78571
 42 2 0 16 2.5 5.5 4.5
 43 94 0 29 4.75862 8.48276 3.96552
 44 71 0 67 18.1045 12.6119 4.58209
 45 87 0 59 8.50847 13.7458 5.76271
 46 59 0 13 0.692308 16 4.38462
 47 72 0 33 4.72727 17.8485 4.09091
 48 19 0 13 7.92308 4 4.84615
 49 48 0 28 6.75 6.14286 5.32143
 50 29 0 119 0.0252101 7.63025 6.70588
 51 86 0 72 14.2222 10.2778 6.81944
 52 48 0 115 10.5217 16.8957 7.35652
 53 16 0 208 13.0481 3.59135 7.99038
 54 82 0 10 18.1 3.8 5.4
 55 81 0 118 4.39831 5.4661 7.83898
 56 1 0 2 13.5 7.5 5
 57 53 0 30 7 8.9 6.26667
 58 49 0 39 12.8974 13.359 6.61538
 59 66 0 1 15 13 5
 60 38 0 57 2.12281 15.3684 7.17544
 61 36 0 51 18.2745 15.8627 7.27451
 62 11 0 86 5.83721 17.1628 7.47674
 63 36 0 22 3.5 9.59091 6.90909
 64 66 0 148 5.25676 11.4392 9.06081
 65 14 0 28 10.5714 19.9643 8.64286
 66 82 0 25 6.44 1.04 8.36
 67 52 0 45 8.84444 3.08889 9.17778
 68 92 0 110 17.6455 4.62727 9.65455
 69 100 0 17 8.88235 6.52941 8.82353
 70 97 0 96 17.1562 10.7396 9.13542
 71 63 0 59 2.18644 12.5424 8.91525
 72 23 0 36 9.72222 9.36111 9.47222
 73 83 0 32 12.0938 7.40625 10.1875
 74 37 0 40 15.425 14.95 9.475
 75 50 0 149 17.1275 18.7517 11.2282
 76 18 0 195 7.27179 17.2103 12.1128
 77 94 0 181 5.09945 4.01657 12.0773
 78 49 0 13 6.53846 8.30769 10.1538
 79 75 0 23 12 11.1304 10.1304
 80 43 0 103 11.2816 13.3204 11.9223
 81 74 0 22 13.9545 12.6364 10.1818
 82 40 0 32 19.4062 13.9062 10.7188
 83 4 0 72 1.80556 16.9861 10.9028
 84 90 0 10 0.5 6.1 11.4
 85 87 0 49 14.4694 8.30612 11.7347
 86 96 0 29 17.5517 6.96552 11.6897
 87 8 0 7 12.5714 18.7143 10.7143
 88 9 0 83 9.13253 0.975904 13.4337
 89 71 0 37 14.3784 2.56757 12.3784
 90 27 0 44 9.04545 6.02273 12.8636
 91 46 0 74 12.2432 4.89189 13.5135
 92 23 0 82 0.463415 8.28049 13
 93 8 0 17 4.70588 8.76471 11.8235
 94 13 0 84 8.64286 9.2381 13.1786
 95 25 0 121 1.09091 11.124 14.4959
 96 1 0 49 6.06122 11.8367 13.0612
 97 54 0 102 14.0392 15.951 13.8431
 98 39 0 42 2.57143 0.714286 13.5952
 99 58 0 22 12.5909 19.4091 13.4091
 100 36 0 60 19.8667 3.06667 13.6167
 101 80 0 56 13 10.1429 14.8393
 102 33 0 32 16.4062 11.5312 12.8125
 103 6 0 222 4.95495 16.9414 15.6577
 104 51 0 27 16.4815 3.66667 14.2963
 105 99 0 15 1.06667 5.86667 14.9333
 106 46 0 18 17.3889 16.1667 14.3889
 107 31 0 93 16.6129 19.5161 15.7312
 108 59 0 51 12.1176 1.68627 15.7255
 109 48 0 1 6 2 14
 110 12 0 7 18.1429 6.57143 14.4286
 111 11 0 55 4.70909 9.09091 16.0364
 112 67 0 44 16.4091 10.4091 15.7273
 113 32 0 28 9.60714 11.7143 15.5
 114 41 0 72 3.72222 5.90278 16.8194
 115 73 0 51 8.35294 4.56863 16.8824
 116 74 0 16 11.8125 6.25 16.375
 117 55 0 22 10.8182 15.1818 15.9545
 118 77 0 19 7.94737 14 17.1053
 119 42 0 28 10.5714 12.7143 17.8571
 120 82 0 30 13.1 14.5 17.8333
 121 85 0 10 9.1 1.1 17.4



--------------------------------------------------
Time = 7.750000 
ncluster = 94 
<N> = 85.1064 
<R> = 3.86368 
id ivalue dvalue size cx cy cz
 1 97 0 154 19.6494 2.42208 18.5714
 2 100 0 639 17.2175 15.9452 0.28169
 3 69 0 38 4 18.7105 0.552632
 4 55 0 87 5.26437 1.73563 17.3908
 5 26 0 425 11.0565 2.8 2.87294
 6 10 0 271 10.6347 18.4133 0.498155
 7 9 0 108 5.37037 4.88889 0.888889
 8 34 0 11 11 3.54545 18.4545
 9 29 0 350 14.8371 7.31143 18.1057
 10 94 0 94 0.12766 7.29787 19.8404
 11 82 0 114 9.08772 7.68421 18.2018
 12 30 0 69 2.36232 7.18841 2.55072
 13 28 0 44 5.29545 9.31818 0.636364
 14 25 0 177 9.37288 11.1977 2.77966
 15 6 0 62 18.0323 11.0161 0.225806
 16 7 0 171 3.9883 12.9883 18.614
 17 42 0 30 10.5333 13.1333 18.2
 18 39 0 38 9.34211 16.2895 19.0526
 19 2 0 170 2.82941 12.3765 3.75882
 20 99 0 22 13.5455 11.3182 3.04545
 21 42 0 167 14.3533 19.2216 5.32335
 22 80 0 87 3.29885 2.13793 4.17241
 23 47 0 25 19.8 4.44 3.32
 24 62 0 127 10.2913 6.88189 4.6378
 25 37 0 4 8 8 2.5
 26 68 0 41 16.8537 9.4878 4.04878
 27 46 0 220 0.459091 0.890909 7.19545
 28 94 0 20 5.1 8.7 3.85
 29 71 0 64 17.8281 12.7969 4.90625
 30 72 0 29 4.37931 17.7931 4.13793
 31 75 0 1 11 2 4
 32 16 0 248 12.8306 3.64516 8.15726
 33 48 0 17 6.23529 6.05882 4.76471
 34 29 0 143 0.146853 7.81818 6.61538
 35 53 0 25 6.76 8.92 5.64
 36 86 0 87 14.046 10.1149 6.89655
 37 87 0 51 8.43137 13.8235 5.7451
 38 48 0 114 10.6754 16.8246 7.46491
 39 81 0 139 4.72662 5.83453 7.82014
 40 49 0 30 13.1 13.5 7
 41 36 0 39 18.641 15.7179 7.17949
 42 38 0 44 2.29545 15.7273 6.95455
 43 11 0 84 6.03571 17.4167 7.5
 44 36 0 2 3.5 10 6.5
 45 66 0 178 5.07865 11.3371 9.0618
 46 92 0 123 17.8455 4.7561 9.93496
 47 97 0 100 17.13 10.73 9.25
 48 63 0 45 1.6 12.7556 8.62222
 49 37 0 41 15.3659 14.7317 9.21951
 50 14 0 21 10.2857 19.8571 9.04762
 51 82 0 7 7 1.28571 8.28571
 52 52 0 36 8.63889 3.11111 9.36111
 53 23 0 41 9.82927 9.34146 9.39024
 54 43 0 131 11.4885 13.0382 11.7328
 55 4 0 76 1.73684 16.8947 10.7632
 56 50 0 180 17.2167 18.7111 11.2944
 57 18 0 215 7.24186 17.014 12.0977
 58 94 0 207 5.06763 3.99034 12.1111
 59 100 0 5 8.6 6.6 9.8
 60 83 0 19 11.6842 7.73684 10.5789
 61 75 0 5 12.2 11.4 9.8
 62 40 0 27 19.2593 13.8519 10.7407
 63 87 0 61 14.623 8.5082 11.6721
 64 96 0 6 17.5 7.16667 11.1667
 65 47 0 1 6 8 10
 66 74 0 2 14.5 13 10.5
 67 9 0 94 9.46809 0.840426 13.2979
 68 71 0 25 14.2 2.2 12.52
 69 27 0 24 9.08333 6.04167 12.125
 70 23 0 97 0.494845 8.09278 13
 71 13 0 98 8.35714 8.91837 13.1633
 72 25 0 138 1.02899 11.2754 14.413
 73 54 0 115 13.9565 16.0783 13.8783
 74 39 0 27 2.37037 0.703704 13.5185
 75 36 0 65 19.7538 3.46154 13.8154
 76 46 0 81 12.0864 5.06173 13.5309
 77 80 0 57 12.807 10.2456 14.9474
 78 1 0 46 5.86957 11.6739 13.087
 79 33 0 30 16.3333 11.7667 12.9667
 80 6 0 246 4.85366 17.1545 15.8293
 81 58 0 5 13.6 19.6 13.6
 82 51 0 19 16.1579 3.26316 14.0526
 83 11 0 50 4.66 9.18 16.1
 84 22 0 19 0.947368 15.4737 14.5263
 85 59 0 56 11.8214 1.48214 15.625
 86 31 0 83 16.4819 19.6747 15.6386
 87 67 0 33 16.1818 10.6667 15.9091
 88 32 0 26 9.30769 11.8077 15.8077
 89 41 0 69 3.62319 5.92754 16.7826
 90 73 0 53 8.67925 4.54717 16.7736
 91 55 0 14 10.7857 15.1429 16.1429
 92 82 0 16 12.625 14.6875 17.5
 93 22 0 4 3.25 17 18
 94 86 0 1 15 16 19



--------------------------------------------------
Time = 10.010000 
ncluster = 74 
<N> = 108.108 
<R> = 4.17268 
id ivalue dvalue size cx cy cz
 1 97 0 154 19.7403 2.48701 18.6039
 2 100 0 749 17.3712 15.8158 0.305741
 3 55 0 76 4.93421 1.85526 17.3947
 4 69 0 14 4.35714 18.7857 0.785714
 5 26 0 515 10.9495 2.77476 2.87573
 6 10 0 271 10.5572 18.4207 0.191882
 7 9 0 119 5.42857 5.26891 0.932773
 8 29 0 402 14.8781 7.3408 17.9527
 9 94 0 102 0.245098 7.41176 19.8431
 10 82 0 109 8.83486 7.86239 17.789
 11 30 0 63 2.26984 7 2.71429
 12 28 0 27 5.11111 9 0.296296
 13 25 0 219 9.28311 11.1781 2.79909
 14 6 0 46 18.3043 10.7826 0.304348
 15 7 0 161 4.27329 12.8199 18.6273
 16 39 0 19 9.84211 15.6316 18.5263
 17 6 0 272 4.82353 17.1801 15.9154
 18 80 0 88 3.36364 2.10227 3.94318
 19 62 0 115 10.1043 7.18261 4.62609
 20 2 0 209 3.06699 12.3732 3.82297
 21 42 0 153 14.4118 19.1503 5.35294
 22 46 0 254 0.559055 0.972441 7.16142
 23 5 0 1 19 4 3
 24 94 0 10 5.2 8.5 3.9
 25 29 0 162 0.0185185 8.04938 6.6358
 26 68 0 30 16.5333 9.83333 4
 27 71 0 60 17.5833 12.9333 5.35
 28 72 0 6 4.33333 18.3333 3.66667
 29 86 0 95 13.9474 10.1789 6.77895
 30 87 0 37 8.35135 14 5.94595
 31 48 0 119 10.8403 16.6807 7.55462
 32 11 0 94 6.02128 17.4362 7.10638
 33 16 0 293 12.4949 3.65188 8.52901
 34 81 0 148 5.06081 5.87838 7.58108
 35 53 0 9 6.66667 8.55556 5.55556
 36 66 0 199 5.17085 11.2965 9.23116
 37 49 0 14 13.0714 13.7857 6.92857
 38 36 0 25 18.64 15.56 7.36
 39 38 0 27 2.51852 15.5556 7.14815
 40 92 0 123 17.878 4.69919 10.0569
 41 97 0 124 17.0806 11.1613 9.5
 42 63 0 29 1.2069 12.9655 8.34483
 43 37 0 18 14.8333 14.8889 8.72222
 44 50 0 219 17.1918 18.7534 11.3014
 45 94 0 261 5.10345 3.97701 12.2069
 46 52 0 12 8.58333 1.91667 9.08333
 47 23 0 41 10.1707 9.14634 9.31707
 48 43 0 147 11.5102 12.8844 11.4966
 49 4 0 75 1.69333 16.4133 10.8533
 50 18 0 231 7.18615 17.0563 12.0433
 51 40 0 17 19.7647 14.1765 10.4118
 52 9 0 92 9.6087 0.869565 13.413
 53 13 0 118 8.48305 8.80508 13.0169
 54 87 0 71 14.3944 8.43662 11.8028
 55 25 0 157 1 11.3439 14.2611
 56 54 0 136 13.6691 16.1544 14.0588
 57 27 0 2 9.5 6.5 11
 58 46 0 80 12.025 4.9375 13.475
 59 23 0 98 0.265306 7.94898 13.1429
 60 36 0 45 19.6444 3.22222 13.9556
 61 71 0 3 14.3333 2.66667 12.6667
 62 33 0 25 16.4 11.72 12.92
 63 1 0 20 6 11.8 13.65
 64 39 0 5 1.6 0.8 13.6
 65 59 0 38 12.1579 1.81579 15.4211
 66 31 0 85 16.3412 0.0588235 15.4824
 67 51 0 2 16.5 3.5 14.5
 68 11 0 36 4.58333 9.19444 16.1389
 69 80 0 47 12.7021 10.9149 15.383
 70 67 0 9 16.1111 10.3333 15.3333
 71 32 0 29 8.82759 12.069 15.7586
 72 73 0 51 8.92157 4.21569 16.8039
 73 41 0 61 3.57377 5.86885 16.8197
 74 42 0 27 10.5926 13.4815 17.5926



--------------------------------------------------
Time = 12.920000 
ncluster = 54 
<N> = 148.148 
<R> = 4.67288 
id ivalue dvalue size cx cy cz
 1 100 0 877 17.5564 15.7115 0.36374
 2 55 0 64 4.90625 2.03125 17.5625
 3 26 0 579 10.8722 2.85838 2.90501
 4 10 0 277 10.4838 18.4079 0.0505415
 5 97 0 154 19.7922 2.55195 18.539
 6 9 0 130 5.33077 5.64615 1.00769
 7 29 0 676 16.3757 7.56361 0.258876
 8 94 0 93 0.526882 7.48387 19.8172
 9 82 0 111 8.52252 7.85586 17.6036
 10 7 0 170 4.46471 12.3235 18.4
 11 2 0 245 3.24082 11.9347 3.81224
 12 25 0 245 9.12245 11.3755 2.69796
 13 6 0 17 18.5294 11.0588 1.35294
 14 6 0 319 5.03135 17.2194 15.9655
 15 80 0 68 3.57353 2.33824 3.91176
 16 30 0 43 1.86047 6.32558 2.83721
 17 62 0 74 9.86486 7.56757 4.81081
 18 42 0 130 14.5231 18.8308 5.54615
 19 46 0 277 0.566787 0.819495 7.09747
 20 94 0 1 17 10 3
 21 81 0 137 5.20438 5.91971 7.37956
 22 86 0 119 13.8655 10.3445 6.57143
 23 71 0 34 17.4706 12.7647 5.76471
 24 48 0 143 10.8811 16.3636 7.44755
 25 11 0 85 5.54118 17.3412 6.78824
 26 16 0 323 12.2539 3.56037 8.53251
 27 66 0 241 5.23651 11.3485 9.19502
 28 92 0 125 17.664 4.672 10.192
 29 97 0 153 17.1699 11.5686 9.83007
 30 63 0 22 0.909091 13.5 8
 31 36 0 13 19.0769 15.3077 7.53846
 32 4 0 66 1.56061 15.7576 10.6818
 33 50 0 242 17.3554 18.6818 11.3512
 34 94 0 307 4.98371 3.98046 12.2964
 35 23 0 15 10.1333 8.86667 8.53333
 36 43 0 173 11.8902 12.711 11.3064
 37 18 0 232 7.11207 16.9655 11.6767
 38 87 0 61 14.2459 8.5082 11.8689
 39 13 0 140 8.35714 8.98571 13.1286
 40 25 0 164 0.993902 11.3232 14.3171
 41 9 0 82 9.7561 0.902439 13.7683
 42 23 0 98 0.326531 7.76531 13.1224
 43 54 0 134 13.2463 16.3284 14.1418
 44 46 0 66 11.8182 4.80303 13.4242
 45 36 0 18 19.6111 3.44444 14.3889
 46 31 0 77 16.1039 0.324675 15.4545
 47 59 0 17 12.1765 1.76471 15.1176
 48 80 0 24 12.7083 10.875 15.25
 49 33 0 4 16.25 11.25 14
 50 32 0 20 8.9 11.95 15.4
 51 73 0 43 9 4.09302 16.5581
 52 41 0 50 3.62 6.24 17.06
 53 11 0 5 4 8.6 15.6
 54 42 0 17 10.4118 13.1176 17.0588



--------------------------------------------------
Time = 16.690000 
ncluster = 42 
<N> = 190.476 
<R> = 5.03345 
id ivalue dvalue size cx cy cz
 1 100 0 1008 17.62 15.6488 0.335317
 2 26 0 673 10.4918 2.77266 2.88262
 3 10 0 271 10.4982 18.3358 0.095941
 4 97 0 165 0 2.71515 18.2909
 5 9 0 162 5.01235 5.75926 1.09259
 6 29 0 841 16.2259 7.51011 19.8954
 7 94 0 453 4.2649 4.61369 13.7285
 8 82 0 85 8.09412 7.92941 17.6235
 9 2 0 251 3.12749 11.8287 3.82869
 10 7 0 153 4.71242 12.0458 18.3333
 11 25 0 243 9.12757 11.4774 2.61317
 12 6 0 348 5.02299 17.3161 15.8764
 13 80 0 22 2.95455 2.54545 3.04545
 14 42 0 93 14.5484 18.6774 5.66667
 15 46 0 311 0.861736 0.790997 6.82958
 16 62 0 53 9.79245 7.86792 5.11321
 17 86 0 114 13.8947 10.1404 6.47368
 18 48 0 150 10.8867 16.3267 7.47333
 19 11 0 52 5.25 16.9038 6.38462
 20 81 0 108 5.47222 6.03704 7.03704
 21 95 0 1 17 13 5
 22 16 0 354 12.1921 3.72881 8.9435
 23 66 0 250 5.292 11.444 9.12
 24 97 0 186 17.2419 11.7634 9.46774
 25 92 0 116 17.7672 4.92241 10.0862
 26 50 0 275 17.4545 18.8182 11.4727
 27 43 0 192 11.8281 12.4792 11.4688
 28 4 0 56 1.41071 15.375 9.92857
 29 18 0 234 7.1453 17.0171 11.5897
 30 13 0 154 8.37662 9.03896 13.1169
 31 87 0 37 14.2162 8.51351 11.7027
 32 23 0 67 0.402985 7.25373 13.1194
 33 25 0 186 1.06452 11.1237 14.2043
 34 54 0 114 12.9825 16.5526 14.2105
 35 9 0 80 10.1875 1.125 14.275
 36 46 0 26 11.3077 4.96154 13.5769
 37 31 0 54 15.7407 0.444444 15.537
 38 73 0 20 8.6 4.05 16.35
 39 41 0 20 3.7 7.05 16.95
 40 32 0 5 9 12.4 16.2
 41 55 0 16 4.375 2.125 17.9375
 42 49 0 1 10 14 17



--------------------------------------------------
Time = 21.550000 
ncluster = 32 
<N> = 250 
<R> = 5.56231 
id ivalue dvalue size cx cy cz
 1 100 0 1160 17.6026 15.9509 0.443966
 2 26 0 762 10.2913 2.83858 2.78084
 3 10 0 215 10.1023 17.9395 0.195349
 4 97 0 126 0.301587 2.74603 18.3413
 5 9 0 164 4.84146 5.81707 0.902439
 6 29 0 1028 16.2101 7.30253 19.3482
 7 94 0 543 4.43462 4.66667 13.3702
 8 25 0 271 9.12546 11.3137 2.69742
 9 2 0 234 3.31624 11.9701 3.9359
 10 7 0 140 4.87857 11.75 18.1857
 11 6 0 392 5.3801 17.1148 15.8776
 12 46 0 326 1.02147 0.984663 6.53681
 13 86 0 99 13.9192 10.2121 6.38384
 14 48 0 153 11.183 16.2484 7.35294
 15 42 0 30 14.3 19.3667 5.86667
 16 81 0 72 5.79167 6.22222 6.38889
 17 62 0 2 8.5 8.5 5.5
 18 11 0 26 5.34615 16.8846 6.53846
 19 16 0 421 12.0926 3.98337 9.1734
 20 66 0 273 5.4359 11.4176 8.93407
 21 97 0 197 17.3807 11.6548 9.54822
 22 92 0 96 17.8021 4.92708 9.70833
 23 50 0 309 17.534 18.7217 11.5663
 24 43 0 204 11.9118 12.5441 11.4559
 25 4 0 23 2 15.4783 9.82609
 26 18 0 221 7.26697 17.1719 11.3258
 27 13 0 143 8.27273 9.30769 13.4336
 28 25 0 197 1.03553 11.132 13.8731
 29 23 0 7 0 7 12
 30 54 0 85 12.7882 17.3294 13.9765
 31 9 0 45 10.2444 0.911111 14.6
 32 82 0 36 7.63889 7.97222 17.5278



--------------------------------------------------
Time = 27.830000 
ncluster = 25 
<N> = 320 
<R> = 6.15583 
id ivalue dvalue size cx cy cz
 1 100 0 1352 17.5584 16.1198 0.43713
 2 26 0 792 9.73737 2.56061 2.77399
 3 10 0 123 9.26016 17.2927 0.634146
 4 97 0 63 0.714286 3 18.4127
 5 9 0 144 4.74306 6.05556 0.798611
 6 29 0 1304 16.2439 7.10123 2.54525
 7 25 0 271 9.12915 11.2288 2.92251
 8 2 0 187 3.74332 11.9465 3.9893
 9 7 0 120 5.09167 11.3833 17.9583
 10 6 0 462 5.78571 17.145 15.7056
 11 46 0 356 1.27528 0.702247 6.72472
 12 86 0 74 13.9865 10.1081 6.17568
 13 48 0 151 11.2914 16.2715 7.30464
 14 81 0 22 6 6.81818 5.86364
 15 16 0 471 12.2972 4.09979 8.98089
 16 66 0 303 5.46535 11.5743 8.89109
 17 97 0 168 17.506 11.869 9.3631
 18 94 0 584 4.62158 4.75685 13.125
 19 50 0 296 17.7432 18.5541 11.3514
 20 92 0 44 18.2045 4.65909 9.68182
 21 43 0 210 11.9905 12.7143 11.4571
 22 18 0 177 7.84181 17.2994 11.2655
 23 25 0 166 1.01205 11.5301 13.7229
 24 13 0 96 7.84375 9.96875 13.3958
 25 54 0 64 12.625 18.2969 13.6875



--------------------------------------------------
Time = 35.940000 
ncluster = 19 
<N> = 421.053 
<R> = 6.56671 
id ivalue dvalue size cx cy cz
 1 100 0 1678 16.1079 16.3123 0.434446
 2 26 0 829 8.81182 2.19059 3.03981
 3 29 0 1632 16.5558 7.04044 2.70221
 4 9 0 73 4.86301 6.93151 0.808219
 5 25 0 313 9.24601 11.0767 3.22045
 6 7 0 83 5.15663 10.9639 17.9398
 7 6 0 522 6.35249 16.682 15.523
 8 2 0 127 4.03937 12.2756 4.17323
 9 13 0 1 9 15 2
 10 46 0 317 1.38486 0.195584 7.29022
 11 48 0 107 10.9533 16.4953 7.28037
 12 66 0 293 5.86689 11.5529 9.01024
 13 16 0 480 12.3542 3.83542 9.12292
 14 94 0 660 4.79242 4.81212 13.4
 15 97 0 104 17.7981 12.1442 9.38462
 16 43 0 255 11.8314 12.6 11.1686
 17 50 0 273 17.6044 18.4982 11.1538
 18 18 0 116 8.05172 17.4741 10.7672
 19 25 0 137 1.17518 11.6423 13.4234



--------------------------------------------------
Time = 46.420000 
ncluster = 12 
<N> = 666.667 
<R> = 7.93087 
id ivalue dvalue size cx cy cz
 1 100 0 1989 17.6883 16.2956 16.2725
 2 26 0 940 8.14468 1.8734 3.41915
 3 29 0 2063 16.7741 7.18226 2.99952
 4 25 0 346 8.65318 11.0462 3.11561
 5 6 0 567 6.68078 16.2399 15.0265
 6 46 0 197 1.85279 19.9594 8.16244
 7 66 0 321 6.00935 12.0872 8.83489
 8 16 0 376 11.8697 2.99202 9.34043
 9 43 0 242 11.9008 13.4132 10.7521
 10 50 0 178 17.8483 18.573 11.0393
 11 94 0 712 4.86096 4.95225 13.5997
 12 25 0 69 1.44928 12.2464 12.8696



--------------------------------------------------
Time = 59.950000 
ncluster = 9 
<N> = 888.889 
<R> = 8.58785 
id ivalue dvalue size cx cy cz
 1 100 0 2526 16.135 16.2791 16.1702
 2 26 0 955 7.6178 1.74869 3.87435
 3 29 0 2467 16.6157 6.81313 4.82489
 4 94 0 650 4.98 5.18769 13.8908
 5 25 0 304 8.80263 10.8816 3.30921
 6 6 0 538 7.13941 16.1952 14.7955
 7 66 0 266 6.01128 11.7105 9.01128
 8 16 0 205 11.0488 2.4878 9.65366
 9 43 0 89 10.7753 13.2921 10.3371



--------------------------------------------------
Time = 77.430000 
ncluster = 7 
<N> = 1142.86 
<R> = 9.21552 
id ivalue dvalue size cx cy cz
 1 100 0 3109 16.2197 16.2631 10.5404
 2 26 0 846 7.6974 2.32742 3.92671
 3 29 0 2748 16.1401 6.80277 5.83588
 4 94 0 510 5.0451 5.76667 14.1255
 5 25 0 154 8.06494 10.4026 2.18831
 6 66 0 141 6.07092 11.0284 8.70922
 7 6 0 492 7.92073 16.0102 14.3537



--------------------------------------------------
Time = 100.000000 
ncluster = 5 
<N> = 1600 
<R> = 10.4716 
id ivalue dvalue size cx cy cz
 1 100 0 3571 10.776 16.1109 13.7746
 2 26 0 533 7.63227 1.6379 3.50094
 3 29 0 3168 3.27904 6.74621 17.9744
 4 94 0 376 4.6516 5.97872 14.641
 5 6 0 352 7.99432 16.2926 14.4233

